1350000
955700
973400
958900
963100
1287700
912100
923300
916900
913700
921800
918600
919200
960500
915600
927500
919300
916600
917700
917400
947000
915800
912000
917000
923000
921600
920400
930900
911500
913300
1051100
927500
929500
926200
924900
925700
931900
920900
1277500
921800
1299400
927500
928300
961200
925600
924700
930300
927700
928300
931400
931900
928000
928700
933900
933900
926000
925200
970600
935000
927800
1313000
929000
936500
936500
937400
928600
935200
929400
925800
929600
950200
936600
956100
937500
935300
932100
939600
928800
937400
976100
951800
985700
927300
940300
913600
907300
916100
908500
916800
924500
956900
918700
912300
913000
918900
914900
913000
919000
919500
910900
