20600
32300
20800
20600
20900
19900
20400
20400
20500
20300
20200
20500
20600
20500
21400
20800
20700
20500
21000
20300
17800
27200
18300
18500
18500
18100
26900
18500
18000
18400
18100
18300
18600
18700
18500
20000
18500
18300
18600
18300
18700
18300
18100
27300
18400
18600
26800
18200
18100
18800
18800
18600
18100
18700
18400
19000
18600
18700
19000
18400
18700
18900
25500
18800
18600
18600
18000
19100
18300
18300
18300
18400
21100
21300
20900
20400
20100
21300
19900
20700
20400
20300
22200
30900
20500
21000
23400
20600
22500
20700
20300
20900
20700
21300
29400
20600
20400
19200
28500
19400
