279200
418000
280200
294000
302200
302800
279000
300500
299700
297200
299100
292100
298300
281600
298000
300300
403300
300200
418400
286800
282100
287000
316800
303600
284200
281800
297800
299800
285300
281300
281400
285900
301100
339200
420600
301500
281000
300400
300600
299300
301100
343100
282500
285100
300900
285700
299200
291200
308500
301300
286500
270800
279500
282000
263700
279900
265500
278100
283900
277700
279300
268100
264000
270700
265500
286100
268200
266100
263400
282500
376000
276600
282500
276500
283300
288400
285900
281300
281900
281600
283000
282900
269800
382500
266700
268400
288600
290900
267100
288100
266800
282700
283700
264500
268500
285800
282300
284100
295900
266200
