1205700
1191500
1185500
1191100
1190000
1198100
1193400
1174700
1169600
1271500
1237500
1195600
1172200
1173500
1170900
1655800
1178300
1171300
1167000
1172700
1174700
1172400
1173200
1182400
1172600
1160400
1364500
1160200
1210500
1166100
1651300
1663500
1193300
1202200
1242200
1209800
1210000
1201000
1199400
1200500
1203800
1192800
1201800
1974000
1273200
1225200
1198100
1198400
1210600
1197900
1203000
1189300
1276400
1191600
1264600
1197600
1442600
1200600
1264900
1268700
1333000
1267600
1261900
1257000
1283600
1263400
1298700
1265400
1263100
1259300
1265900
1294300
1265000
1318200
1263900
1251500
1263700
1267800
1254700
1262100
1274600
1264800
1259500
1263200
1169100
1169600
1161200
1177000
1165500
1160900
1187400
1160500
1159200
1166700
1160100
1165400
1167300
1171600
1170700
1180600
