655400
653600
656100
704500
700400
703100
701500
711700
701900
703900
709900
700500
708800
705800
706700
718400
704400
702100
704900
696400
705000
701200
707900
709200
707800
707500
708700
709000
705000
668500
668300
674600
675300
948000
668900
889000
682700
674600
673900
673000
930800
674700
671600
668200
952700
676900
671200
678600
677800
695900
668700
832200
672500
679900
670000
672300
695100
699200
695800
705200
686000
695700
695300
700600
698000
698100
695300
687200
688100
697000
694600
696900
700500
696600
694300
686300
698200
918800
921600
700500
691700
701700
698000
715300
721500
718200
722200
722000
719500
723700
720500
712800
726300
716200
816600
722400
719100
721700
751800
722600
