177500
215400
175900
170000
175600
170000
167600
167000
178100
178800
176400
176700
242200
170600
175700
175100
176300
173700
247400
177500
176800
154400
165300
162700
165100
161800
164500
164000
167900
163300
164900
163600
155200
156400
158800
156900
164700
157100
156500
162800
167000
164400
153900
159600
166400
163600
154300
164300
157700
158700
160300
156600
161900
163100
157800
157500
158700
160600
152900
159900
157700
153200
152300
161000
159400
163000
159700
161600
157100
162500
153400
159900
161700
161800
160000
169900
167200
261800
168200
169400
167100
164600
169100
159300
167300
159500
159800
166600
167200
172400
168700
171000
169000
183900
167400
167800
159400
170500
169000
168100
