90300
72600
74500
71400
99700
72700
69900
91500
74000
74300
73800
72700
73300
73100
74900
71100
104500
73100
73900
106200
76300
73100
72000
72500
72100
74800
72500
73300
74100
72900
74500
76300
73700
76500
75100
109100
75700
72500
75300
75100
75600
75800
77100
76300
75300
76300
75200
73900
75100
76500
75800
75800
77400
76200
73400
73700
75600
77100
76500
75200
75300
75600
73400
77900
76300
77900
73900
75500
93900
73700
77300
75900
75500
74000
75500
74100
72400
74600
73400
71900
73400
73200
72900
74300
72600
75200
108100
72000
76500
101800
73300
74600
73800
74000
75000
74800
75200
75700
107700
69100
