1488500
1517300
1570100
1472100
1474200
1973800
1522400
1526100
1506000
1495900
1498100
1509100
1507500
1502700
1496400
1488300
1499000
1500100
1499400
1503300
1499400
1529600
1500900
1494300
1496600
1493300
1501700
1507600
1502300
1488600
1504700
1492100
1548700
1547400
1650500
1565800
1549800
2464800
1565500
1557100
2199400
1550800
1568300
1559400
1552300
2091400
1552600
1554200
1562900
1553700
1546300
1556900
2208700
1549900
1546000
1556900
1556100
1559100
2102100
1476000
1490200
2104800
1485100
1488000
1490600
1511000
1481800
1484000
1493800
1504300
1487900
1487400
1650600
1479600
1476800
1481500
1489700
1495200
1540100
1485900
1493100
1550600
1473500
1482000
1979600
1473800
1479100
1475100
1471100
2084100
1567800
1469500
1467500
1466100
1465900
1464600
1467300
1475400
1467000
1463600
