444200
517800
475500
450500
454400
459500
474600
472300
451800
439800
652500
659200
440700
449400
474300
466300
447300
440100
451300
440900
496300
475500
473900
439700
439100
442100
478100
440100
418500
420800
447800
423900
421500
444200
457900
449800
418900
637800
447400
452400
448000
454100
443900
419800
455200
446600
452100
450100
461800
420700
446600
430300
447500
441200
442300
435400
442100
413000
439500
437500
437600
447300
442200
410600
450200
410900
437600
442000
442900
437400
438500
440700
437400
442000
409000
416600
438400
465400
408900
437700
439200
441200
450500
418200
427000
422300
446500
434200
412300
443000
440600
461700
465800
443200
443600
424700
444400
444300
413100
440900
