2600
2700
2600
2500
2600
2500
4200
2500
2600
2500
4000
2600
2600
4000
2700
2600
2500
2600
2600
2700
2600
2600
2600
2600
2600
2500
2600
2700
2600
2600
2600
2600
2900
2700
2600
3000
2700
2600
2600
2600
2700
2500
2600
2500
2600
2600
2600
2500
2500
2600
2500
2500
2700
2700
2700
2600
2600
2600
2600
2700
2600
3900
2600
2700
2600
2700
2600
2500
2700
2500
2600
3800
2800
2600
4100
2700
2600
2700
2500
2600
2600
2600
2600
2700
2600
2600
2900
2600
2600
2600
2600
2600
2600
2500
2600
2600
2700
2600
2900
2700
