1700
1800
1800
2100
1700
1900
1800
1800
1900
1900
1800
1700
1700
1800
1800
1600
1900
1700
1700
1800
1900
1800
1800
1800
1900
1800
1800
1700
2500
1700
3200
1800
1800
1700
1800
1900
1800
1700
1700
1800
2100
1800
1600
1700
1800
1800
1800
1700
1700
1800
1600
1800
1700
1700
1800
1800
1800
1800
1700
1700
1800
1800
1800
1800
1700
1700
1700
1800
1700
1800
1800
1700
1700
1800
1900
1800
1900
1800
1800
1800
2800
1900
1700
1800
1700
1800
1600
1700
1800
1900
1800
1800
1800
1800
1800
1900
1800
4500
1800
1700
