2300
2300
3600
2400
2400
2200
2600
2400
2400
2400
2200
2300
2300
2400
2300
2200
2300
2500
2300
2200
2300
2400
2300
2300
2300
2300
2300
2200
2300
2300
2300
2400
2400
2300
2400
2400
2300
2300
2400
2400
2300
2300
2300
2300
2300
2300
2300
2300
2300
2400
2200
2400
2200
3500
2300
2400
2400
2300
2400
2900
2300
2200
2300
2500
2300
2200
2400
2300
2400
2400
2400
2300
2300
2300
2300
2400
2300
2300
2300
2200
2200
2300
2400
2400
2300
2400
2300
2500
2400
2300
2300
2300
2300
2700
2300
2300
2300
2300
2300
2400
