3000
2800
3000
2900
2900
2800
3000
2900
3000
2800
3000
2800
2900
2900
2900
2800
2800
3000
2900
2900
3000
2800
2900
2900
2900
2800
2800
2900
2900
3000
2800
2900
2900
2900
2900
2800
2800
4400
3000
4100
3100
3100
3000
3000
2800
3000
3000
2900
2800
2700
2900
2900
2900
2900
2800
2900
2800
3000
3000
2800
2900
3000
2900
2900
4100
2900
3000
2900
2900
2800
2900
2800
2700
3000
2900
2800
2900
2900
4000
3200
2800
2800
2900
2900
3000
2800
2800
2800
2900
3800
2900
2800
2900
2900
2900
2800
2900
2800
2800
3100
