1500
1500
1500
1500
2400
1500
1700
1500
1600
1500
1700
1500
1400
1600
2300
1600
1500
1500
1500
1500
1500
1500
1400
1600
1500
1500
1500
1600
1500
1500
1500
1500
1500
1400
1500
1600
1400
1500
1800
1500
1600
1500
1500
1500
1500
2100
1500
1400
1600
1600
1400
1500
1600
1500
1500
1500
1400
1900
1600
1500
1400
1400
1600
1500
1400
1500
1500
1400
1600
1700
1500
1600
1500
1500
1600
1700
1500
1500
1500
1500
1500
1400
1400
1500
1700
1500
1500
1300
1500
1500
1400
1500
1700
1500
2100
1500
1800
1600
1400
1400
