1300
1300
1700
1200
1200
1200
1200
1200
1300
1900
1300
1200
1200
1100
1300
1200
1200
1400
1400
1500
1200
1100
1200
1300
1200
1300
1100
1200
1200
1300
1600
1200
1100
1200
1200
1200
1200
1200
1300
1200
1100
1200
1200
1300
1300
1200
1100
1300
1200
1100
1200
1200
1300
1200
1100
1200
1200
1100
1100
1300
1200
1300
1200
1100
1200
1200
1100
1200
1200
1300
1300
1300
1200
1300
1200
1300
1200
1200
1100
1200
1200
1100
1300
1300
1300
1200
1200
1200
1200
1100
1300
1200
1100
1200
1300
1200
1300
1200
2200
1300
