2300
2200
2000
2000
2100
2100
2000
2000
2200
2000
2200
2000
2100
2200
2100
2100
2000
2100
2000
2000
2200
2000
2000
2000
2000
2100
2100
3300
2000
2000
2200
2100
2200
1900
2100
3300
2000
2100
2100
2100
2100
2100
1900
2200
2000
2000
2000
2100
2000
2000
2100
2000
2100
2200
2000
2100
2100
2100
2100
2000
2000
1900
2100
3200
2000
2100
2100
2000
2100
2100
1900
2300
2000
2000
2100
2000
2000
2000
2100
2100
1900
2200
2000
2100
2100
2000
3000
1900
2100
1900
2200
2000
2100
2100
2200
2200
2000
3200
3500
2000
