135700
137400
143700
144600
144500
144300
143700
145600
137800
144700
134900
145100
145200
145800
144900
143300
144600
142000
136500
144200
147000
143200
143300
144800
143200
143900
145300
143000
144900
142400
145100
144600
143600
189100
142000
144700
143700
134800
143600
142200
135100
145600
144000
141100
136100
143300
136100
144800
143300
145700
134800
141500
144200
142500
144900
143600
137700
187800
145200
204100
145300
143900
144600
142800
145600
145000
142700
143700
144200
145000
142700
135800
143600
135800
144000
142400
143700
144800
138100
144300
145700
139100
143200
136300
146000
149700
143300
149500
148800
136300
135900
151000
135700
145100
142200
143900
136400
145500
144300
144500
