557800
595500
584400
562700
558700
559500
585300
591900
560100
598200
561900
577000
589300
552200
545900
582200
544300
636600
581300
560500
555600
555400
558200
580100
588000
556500
594400
586100
544000
561400
582200
590500
578100
584700
808600
584900
587400
559900
544100
566100
567900
568100
541800
547000
591700
587100
555600
558800
541700
542800
560100
564400
558100
583700
566900
542000
596400
561200
616500
559200
594900
589000
582400
554600
572400
806200
548900
578700
541500
543000
555700
543300
558200
544200
543700
556800
543500
579400
557300
587800
541500
557400
572200
584400
585600
555500
585400
591200
585000
556700
588600
542800
588300
576600
586600
557600
562900
556600
622900
557700
