34900
35700
36500
36300
40100
34900
51400
35700
36700
39100
35800
35300
35600
35200
36200
36300
35700
35300
35800
53200
36000
51800
35700
35600
49400
35400
34800
34900
35700
38000
35500
34600
35300
35000
36000
35600
35500
37400
36300
36300
36200
35500
35600
35500
36200
51100
34600
36200
36200
34300
35100
53100
35400
35900
35400
51700
34500
35500
34300
35900
49800
34600
34500
35600
36100
35700
36300
34800
35300
35000
35200
34500
35800
36200
34700
35900
35200
35700
35700
35200
35600
34600
36000
34500
36000
34800
35200
35600
35500
34300
35800
36400
35600
35800
36100
35700
34900
36200
35700
35300
