3003100
4230300
3008200
2971200
3449000
2979900
3904900
2985200
2984500
2966900
2998600
2978100
2987600
2998400
3017600
2997200
2971100
3023000
2987900
3007700
2976000
3513500
2963200
3070800
2976800
2997200
4214100
3040900
3002700
3908700
3140900
2962700
3131200
2990500
2994700
2999600
2989100
3001400
2973600
3004000
2965600
3014100
3036500
2999500
2999400
3011900
3008300
2962200
2986200
3081900
2996200
2968500
2984400
2994000
3015700
2993400
2994700
3946100
2967900
3007200
2977400
2969300
2989900
3004600
3006100
2987800
3015000
2976700
3013000
2966000
2990800
2985000
3207100
2984600
2989300
2991700
2989400
3008900
2986200
2967500
3016200
2994500
2976100
2985300
2997900
2974900
2982500
2973200
2981200
2981700
2984400
3562900
2996300
2983200
2980300
2975600
3123300
3006800
2988300
2956400
