1415700
1892300
1348200
1351800
1399200
1353300
1350400
1345300
1347500
1355400
1429700
1462000
1345100
1896900
1338600
1343700
1335600
1343600
1333400
1362200
1339500
1788900
1353400
1353000
1371600
1480500
1345400
1327100
1372600
1343800
1335200
1345200
1345100
1347500
1514200
1346700
1338300
1344100
1349700
1330900
1346900
1350100
1351300
1324800
1342100
1328700
1323700
1403900
1344300
1353000
1348600
1326300
1891900
1349100
1383600
1342500
1350800
1348000
1369100
1357000
1337100
1329000
1890900
1350500
1340600
1344400
1335500
1341800
1348000
1347500
1340700
1354300
1341100
1329400
1342700
1327100
1342300
1347900
1360900
1363500
1361700
1343200
1341800
1339200
1357300
1326400
1332100
1324900
1795600
1352500
1346600
1352000
1352200
1381600
1337500
1348600
1345100
1345600
1345000
1340600
