323900
326400
323700
306500
327800
305300
336400
335500
329200
322400
389900
323200
328400
369200
340600
326700
310600
320700
312500
326600
313100
321100
305000
319300
319000
317900
327800
326300
332800
327100
326100
320600
336300
322000
325500
321500
314400
319500
325600
330100
325100
319000
331400
332600
304700
324900
305100
327500
327500
322500
319300
325100
331000
305200
323000
307000
330100
327800
313900
304800
330200
318500
305200
305700
329300
354400
324000
318800
320900
328300
323200
318500
304700
327400
323800
321100
319900
318600
327600
326300
313200
334600
304300
313000
325000
317900
319500
307800
318900
313500
306200
326600
324600
319400
321200
330500
319300
327700
314200
305200
