911500
1183500
929600
866000
860500
868400
863400
914100
860600
853400
931800
863600
850600
912300
952300
931100
865000
935600
864400
904400
864000
886400
884500
912100
859700
880500
926000
848300
864900
900800
850300
871400
916700
1263300
903300
858200
919900
861600
867000
918200
863700
893500
889100
921800
863700
914100
939000
900100
864500
864800
927600
865600
874900
852600
864000
915800
924700
916200
850800
861800
847900
918200
928900
857700
911800
856600
880000
899300
849500
873000
860500
862000
860400
852200
867700
920400
914900
886700
897900
929900
883100
861600
896900
921000
921700
909400
869900
898300
848100
1007700
862600
879000
929400
867400
863000
880900
887900
925200
980300
885800
