2358700
2374100
2352400
2367700
3130800
2372600
2357700
2382100
2370000
2358300
2360500
2368500
2379800
2363000
2357800
2368700
2388200
2357400
2387400
2366500
2454300
2423700
2369800
2372800
2386500
2368000
2371400
2368300
2362400
2349400
2358700
2366000
2359500
2380400
3177200
2401200
2360000
2383800
2391500
2453300
2354400
2450200
2359800
2406600
2372500
2376200
2377000
2353800
2392300
2437200
2373600
2360200
2374300
2907400
2369700
2548200
2366600
2367100
2362600
2409700
2352300
2392600
2354900
2360300
2365200
2351300
2365800
2382700
2353900
2375500
2409900
2378900
2513900
2346700
2535000
2363500
2382400
2371200
2375500
2371300
2405900
2378600
2369600
2369300
2362500
2358900
2364400
2394700
2369800
2366500
2387700
2367800
2367300
2369900
2366600
2347200
2448100
2383600
2639100
2366700
