1811300
1817400
1821500
1811900
1819900
1810300
1868800
2569200
2261700
1820200
1993200
1824600
1904800
1826300
1826100
2271300
1827200
1823100
1820600
1820800
1829400
1808900
1854600
1863200
1811900
1797400
2572700
1873500
2061500
1829600
1813500
1825700
1830000
1807800
1835400
1824000
1835000
1819800
1829200
1825300
1810000
1806400
1820400
1831000
1826900
1808800
1833000
1810700
2433600
1813600
1822200
1833700
1827500
1816700
1818500
1809900
1827800
1823200
1805100
1824200
1827500
1832500
1813900
1826900
1814100
1813900
1838900
1801700
1834600
1817000
1819900
1818000
1817900
1825400
2425900
1819400
1824400
1839000
1837900
1812000
1854000
1821200
1802500
1826900
1823700
1826600
1815800
2586300
1825800
1819800
1793300
2413200
1835700
1825700
1806900
1828100
1826500
1827700
1829000
1822600
