219200
210300
210000
210300
209100
209700
209000
209000
215600
208700
208700
209000
209200
209700
249500
248500
209500
249700
210900
209400
209600
209200
210800
251200
211200
209300
209700
209400
208900
286600
214600
213800
210100
209600
211200
210500
209400
209000
209400
209600
211300
210300
209500
208800
209000
209300
209600
209000
318600
248100
210800
209300
209400
209600
210600
209300
211200
209300
208900
208800
209400
208800
209000
208900
208700
208000
208300
211500
208500
208600
208100
208900
210100
210200
208700
209000
208500
208500
209900
210300
208800
208900
208600
208500
208700
208900
208600
208600
208600
210400
208700
211800
212400
210000
208700
208400
208800
210800
208700
242800
