456700
455000
455100
455100
455500
454900
456500
455700
527500
460000
455300
457700
455000
455200
469100
455800
454700
481100
454600
457100
496500
531200
454200
453900
455600
459700
457300
455900
509300
455900
454600
455700
459300
527500
454200
540300
457700
454200
454500
456200
454500
455500
457200
455500
455500
455600
459600
455400
456800
457400
455900
457100
455500
455300
561800
457000
455800
456600
455500
474200
456700
455800
456000
457200
455400
456000
458100
551700
456700
539100
456300
456300
457200
456200
455800
454700
497300
455200
456500
456300
456900
455000
456700
456900
454600
456600
455000
456300
456200
454900
457000
454700
455100
454900
454600
454100
454800
456100
454200
454900
