141600
120700
122600
120900
120900
121200
120800
121000
120900
121000
122300
120700
120500
120900
121500
121000
120700
120700
120700
121200
121000
120800
121100
121100
120700
123700
120700
120500
120700
120800
121000
145300
120600
120900
121200
139400
135300
121500
121000
146500
121700
121600
121600
123300
121800
121500
121400
121500
121400
121400
121700
121400
121500
121500
124000
124500
121300
121500
121600
121600
121500
121500
121400
122800
121400
120800
121900
120700
120900
120800
120800
120700
120600
120900
120700
120800
120700
142000
142000
120800
120500
142900
150800
164200
120900
120800
154100
153900
120500
120700
120800
121200
143400
125000
120900
121000
121100
121000
121200
121200
