612500
612800
612400
612500
613900
613500
614300
614200
614200
640300
616300
732800
614000
612800
612800
613900
612500
613700
614200
615100
615600
629100
614000
613900
613600
616000
613400
615200
728700
618500
613800
616500
613500
619900
639000
615500
615400
619400
613700
714200
650200
613400
614500
614200
617400
613000
641900
612700
614000
927100
614700
613900
614300
618600
629200
613900
613900
715600
613700
614700
614000
613100
729700
613000
614500
614500
614300
614500
619000
613600
619100
686100
613000
615800
613300
615000
626400
614500
612500
614000
613000
612800
613000
614100
614100
612800
612900
615800
613200
612900
633500
612900
612900
613200
731900
613300
612500
615400
626000
612400
