16800
16700
16900
16800
16700
16800
16900
16900
16700
22200
19900
16800
20500
16800
16800
16900
16600
16600
16600
16700
16400
16600
16700
16600
20300
16600
16600
16700
16500
19400
16700
16600
16600
16500
16500
16700
16600
16700
16600
16500
16600
16600
17400
17200
17400
17000
17100
17100
17200
17200
16800
17200
17200
17500
17100
21000
17100
17100
19800
17200
21400
20100
17300
17300
17300
17100
16900
16900
16700
16800
16700
16900
16900
16800
16800
16900
16600
16700
16600
16600
16700
16700
16900
16900
16600
16900
16800
16800
16800
17000
16700
16900
16600
16400
16700
16700
16400
16500
16700
16600
