321000
320900
320800
321000
320900
328400
320900
321900
320700
322400
322400
322800
319600
382400
319300
320000
320800
319500
319600
321100
319700
319100
319600
319400
325100
319800
321300
319300
319500
319500
368200
320800
321200
376600
319600
320400
319100
319400
319400
320000
321200
324800
319900
320000
319900
320000
319500
319900
320300
319900
319900
319900
321500
320100
320000
321700
322500
323400
319700
320200
325000
320100
322100
380400
321100
320100
319700
319900
319200
319400
319800
321000
319400
322400
320300
319400
320600
319700
320700
322600
319700
321900
319600
319700
319600
319500
346400
320800
325700
319500
320000
322600
319900
319800
406400
320000
319900
344600
321500
320200
