797300
949400
1246000
952100
883300
1002100
795300
801100
795500
794300
952700
796600
795100
794000
795300
816500
795500
798600
796500
796100
794900
794500
809700
795900
796000
796300
795900
794800
796400
933500
795000
796000
802000
794700
798400
796400
795300
795800
803700
794700
796200
796300
797700
795000
796200
798500
795100
799900
795800
816300
797400
795700
797200
847100
795500
798000
797200
799600
796600
798100
805700
796800
795600
796500
796800
806200
796500
797000
796800
796900
796100
808600
796700
795700
801900
797300
795800
796600
802000
797000
797800
795500
798500
797000
795700
805100
797400
800000
796800
797300
800800
797000
797100
797700
1009400
795500
796300
796000
813700
797400
