1015900
1006800
1002500
1001700
1101700
1002800
1004900
1013800
1004700
1002100
1064400
1312800
1003700
1001800
1004800
1003000
1002400
1018600
1002500
1002000
1014700
1002900
1002800
1003600
1002400
1003400
1057100
1003000
1002500
1002600
1002700
1004600
1003400
1004500
1006000
1003300
1005400
1003100
1017000
1003100
1003100
1004100
1181900
1237800
1008900
1066600
1197900
1009900
1003100
1016200
1001400
1001600
1002000
1002200
1000500
1002000
1002300
1004800
1075600
1003700
1005900
1005700
1021600
1002100
1071200
1090100
1440600
1001400
1001900
1014800
1007800
1018200
1032300
1004300
1005000
1004100
1107500
1024700
1032200
1004900
1011500
1004400
1008400
1003800
1005200
1006300
1003800
1018400
1004200
1017400
1004800
1004300
1004900
1008900
1007400
1016300
1002700
1202800
1002300
1002200
