56900
56800
70000
56700
56700
64500
56700
69000
57100
56600
56900
56800
56500
56700
56800
56700
56700
56800
56700
56800
56800
56700
56800
56900
56600
56700
56700
58500
56600
56800
58200
56700
56800
56700
56700
56900
68800
56800
57000
57200
57000
56900
57300
56900
56900
56800
56900
57200
56800
56900
56700
56900
57000
56700
67000
56900
57100
58000
56900
69400
56700
57000
56900
56700
56800
58300
57700
57900
57500
57900
57400
57800
57400
57800
57400
57800
57600
57500
57800
57800
57400
57500
59800
57900
57500
57700
67900
57800
57500
57600
68000
57600
56700
57100
56800
56800
57100
57000
57000
57000
