14200
13000
12500
13000
13100
16000
13000
13000
12900
13000
13000
13100
12900
13100
13100
12900
13100
12500
13000
13000
13100
12600
12600
12900
12700
13200
13000
16400
13000
12900
12800
13100
13000
13100
13100
16400
13000
12700
13000
13000
13000
13100
13000
12900
13000
13100
13100
13100
12900
13000
13100
13100
12900
12900
13000
13000
13000
12900
13000
12500
12600
12600
12800
12900
13000
13100
12900
13100
13100
13100
13000
13000
13200
13000
13000
13000
12900
13000
15400
13100
12600
13000
13100
13100
12700
12900
13100
13000
13100
13100
12900
13000
13100
13200
13100
12900
13200
12600
13000
13100
