729600
730600
950500
729000
730500
778300
730400
730600
731400
738600
730900
730600
729100
729700
753800
935000
728900
733500
777600
744500
730000
732100
729100
746200
735600
728900
731200
781000
732800
731000
729100
749500
730500
743700
931000
730400
730400
730100
734100
730500
730600
778600
732500
730700
731600
730500
730200
731300
770200
728900
730500
704300
729200
730900
735500
729100
730000
733900
728800
739100
730500
729300
732100
730500
730400
729000
729300
730600
730100
753500
730100
730600
728900
730300
747800
736400
729200
731200
730500
733400
730500
743900
729200
728000
730600
730400
733900
781600
734500
730900
730300
744500
815900
730000
728700
729100
730300
744800
730300
730500
