286900
287000
286800
287500
287300
288800
287100
286800
286800
286900
289900
345700
291800
286800
286900
289900
286800
286800
289800
286700
287800
286700
289800
286900
287500
287800
287500
353300
287000
288300
288200
286500
286800
288300
288700
286700
289000
286900
286700
286700
287300
307200
293300
286600
287700
286900
289000
286600
287800
289900
288100
288100
306600
287300
286700
287500
287400
290500
287000
287500
286600
287300
287700
290700
289100
288600
288200
289000
287300
286700
287800
342400
286700
292400
288900
350700
287700
287500
295800
288100
289300
288600
287900
287200
286700
286800
286800
287600
287900
288000
286800
287800
286600
287300
286900
288900
288500
286800
288300
287000
