185200
184600
185600
184600
186400
184700
185100
235600
184700
236300
186400
185500
184900
186700
185300
226700
184700
184900
185300
185500
186500
184800
234700
186800
186800
234400
184900
184700
184800
185400
184700
184700
185200
185500
185000
185100
185300
185500
184900
186600
185000
212000
184700
184800
185300
185000
185300
185500
185500
184700
178600
185500
185500
185400
184700
185000
184800
184800
188300
185000
184900
185600
184800
185500
185500
184800
184600
184600
184700
185300
184800
184800
187100
185200
186500
185300
186800
185200
186600
184600
185600
185400
234200
185200
185600
184800
185500
184700
190000
185400
186600
184700
184900
228400
184600
186300
184700
226300
185200
185200
