105200
105700
108200
105400
105100
105600
105500
118000
105300
105500
120800
105700
105700
105400
105200
105400
105100
105300
105600
106900
106800
105100
105700
105400
105600
105600
105600
105100
105200
105400
105000
105600
105700
105600
105400
106800
105500
105100
105300
105400
105000
105600
105500
105400
105100
105300
105600
105300
132300
105100
107800
105100
105100
105600
105300
105400
105100
105700
105200
105600
105100
105100
105500
105800
105400
106700
105300
105500
105000
105500
105200
105100
105400
107400
106800
105000
105300
105300
105400
105500
105400
105500
105500
105300
106900
105300
132800
105400
105100
106700
105200
127700
105300
105400
105600
105400
105100
105500
105400
105100
