978400
982200
922800
922500
953300
922000
923000
922700
926100
922300
923000
922400
938700
949400
936300
922100
984200
923900
926500
940800
922000
930400
1075100
924800
923000
922700
922200
922000
922100
924900
922100
922200
932200
923800
922300
937300
1123300
923500
924000
922400
922100
922400
922400
912100
923500
922500
922200
922200
923900
929800
920600
926900
927700
922300
922400
922400
965500
1013300
922500
922700
922400
922300
922900
922000
923500
922500
922800
922300
922500
954300
923400
922200
921900
921000
1012000
1174700
923700
921900
930800
925500
920800
922500
922200
925100
936100
931800
923500
926600
925900
928200
922100
922500
923300
922500
989500
922500
921100
922200
922200
922500
