412400
413600
413700
412200
413800
414800
412300
398400
413900
414700
414400
425400
413800
412500
399000
412500
412600
415500
413800
459300
412400
412600
423600
430500
412300
414000
412200
523100
412400
412400
412300
412300
414100
413000
433800
412300
412400
411700
412600
413700
413700
412300
418900
412400
413800
412200
413900
413900
414000
417100
412200
413800
414700
397900
525500
413900
412400
446700
420100
413600
413900
412300
412400
413000
412900
412100
412600
414700
412300
412100
412700
412300
412300
412500
469400
413700
403200
414700
493100
412200
474300
413900
415400
399100
412300
414500
412200
414600
412100
417500
412500
415700
418600
412200
412100
411800
412500
426000
412200
412500
