560900
560900
567900
560800
719000
565300
559900
566600
564600
559600
559500
559300
562700
560900
560900
560900
730600
560800
559400
559400
559200
567100
559600
565600
562600
565100
559500
605200
559300
682400
559700
559800
560900
570700
568100
559700
561100
561000
559200
559400
562900
559600
564400
713100
559600
559400
561000
560300
559400
636800
559400
560600
559100
559200
562100
616300
559400
560700
559500
559300
559200
559400
559100
559700
559300
562500
561100
559600
561200
560900
559700
559400
560100
561000
559500
717500
560600
570500
559600
560700
560800
558900
564600
560900
562300
559700
559300
560200
600900
559500
559500
565900
560600
561100
564800
562100
559400
560100
559700
559700
