48000
48100
48100
48000
47900
59900
47900
49400
47900
48000
47900
47900
47800
47900
48100
48100
48100
47800
48100
47900
47900
47900
47900
47900
47900
48300
48000
47800
48200
48100
47900
48100
47800
48000
47900
48000
47800
48000
48000
48000
49400
48000
47800
47800
48200
47900
47900
46800
49200
47800
48000
47700
47800
48000
47900
47900
48200
47900
48200
47900
50200
56900
48200
50500
48000
60600
48300
49400
47900
48100
47900
61900
47700
47800
48300
48000
48000
48300
47900
47800
48000
48100
48100
49500
48100
48100
48200
48100
47900
47900
48000
47800
48000
48100
47800
49500
48200
47900
47800
48000
