49700
68300
52500
49400
49500
49900
49500
65400
64600
49600
64600
71300
49700
49700
49500
49500
49700
49700
49800
49600
59700
49900
49700
50500
49700
49600
51000
49600
49700
50000
49800
50000
49900
49700
49600
50400
50300
55800
49700
65600
49600
49900
49800
49800
49800
49300
50300
49900
49900
64300
49600
49500
49500
49900
49400
49700
49600
49500
49500
49600
49400
50100
64600
49500
49600
50200
50900
50000
49800
65900
49500
49700
49800
49600
49400
49500
65800
49600
49800
49300
49800
65200
66900
49900
49600
49700
50000
50300
65200
50300
53400
64400
50200
64700
49800
50500
50200
49400
50000
49700
