943800
944700
942900
945400
968600
943800
942300
943400
941600
942700
943800
957600
945200
944300
949300
952300
944100
944300
954000
943000
1090600
944900
943800
942900
977500
943400
956700
955600
944300
944700
942600
942900
944800
983600
942400
942800
942800
942900
978500
970900
942700
941900
944300
948000
1077200
942500
1209200
1038100
943600
943500
952200
943700
944600
945400
943800
943900
946900
1061000
946900
942600
945800
943200
957500
943800
952300
942800
943100
943000
943500
944000
943100
943100
953900
945300
972500
944900
942800
954900
947800
942700
945300
942800
944200
943700
943600
943000
1006000
944200
942900
944400
1238700
942900
945100
945100
944400
948500
995400
952900
942400
956900
