574100
573600
573600
575400
578400
769600
573200
579000
572400
572300
573600
778700
573400
576700
573800
576500
574400
572700
574500
576000
571800
574000
574000
653000
573900
574700
575300
572200
573600
572100
575000
577100
586700
573000
573900
576700
587600
677600
572200
572000
578300
574400
574400
577800
573300
574900
572800
572400
574500
576200
573900
572500
581600
573200
573900
572300
573900
573700
572700
573800
596200
572700
574400
575900
572400
573800
572600
573600
766200
572300
580000
575100
572700
573600
573500
572300
575100
572900
573900
572300
573600
573300
573900
574800
574000
576100
572400
573200
572500
575000
571900
572400
573600
571800
572700
579600
575600
572700
573700
574000
