745800
773000
746900
767200
748400
745900
769600
746300
748200
759500
746600
746600
965000
1026700
745400
754200
764100
747100
748700
746300
750200
746300
748800
765200
761000
746900
746100
748100
745300
747300
800900
748300
748700
782300
748000
761900
747400
747500
747400
749400
746700
748500
746900
748800
751800
745900
748200
752000
747500
745500
768500
746900
746800
749900
746600
781000
748800
748300
747700
745600
744700
745700
782800
746800
747900
745600
747500
747300
749000
748000
773000
746700
747700
748500
747900
748300
746800
746300
747900
747000
745500
749100
747700
745400
747300
747000
747100
745900
747300
750400
748600
745400
747000
786700
745800
747300
750500
746600
751200
750500
