189500
190600
190100
195300
190100
190100
190500
190200
192900
190300
257000
190300
190200
196100
190100
189600
255000
189700
189500
189900
190300
189900
190800
191200
189700
190700
190000
189600
190600
190000
190100
190000
190200
190700
233000
189500
313200
190200
191500
189800
190200
189900
189600
190200
190300
197300
190600
191000
190400
190600
189900
189900
190100
189900
189800
190400
189900
190000
190700
190400
191900
191200
190300
299500
189900
190000
193200
189900
191000
190800
193300
255900
189900
189800
193200
189600
190200
189600
189900
190000
189600
190100
190000
189900
196400
189700
195100
189400
189700
290300
190100
207900
190100
189700
190100
192600
247600
254900
189700
190500
