426400
422600
425600
424400
444700
422200
439600
424400
421900
423000
424200
421900
422000
572500
422700
424900
431800
422400
423600
421800
423100
449200
423900
426700
466100
427200
422600
422200
423900
421900
422000
422800
426200
437900
421700
523800
422600
421900
422500
422500
568200
423500
422500
541400
425100
429800
449300
422600
422000
424100
422200
449800
422400
460800
567500
438800
422000
423500
422100
422500
466300
422000
421500
483600
422000
423500
421700
427600
421400
421800
446200
422500
421800
438100
422500
422100
426100
422500
424200
422800
423100
423300
422200
422000
422000
423500
421300
565400
422200
423600
423400
545800
424800
422500
423900
421500
496800
422100
421500
423100
