145300
108000
109900
108400
109900
137200
144400
146700
130200
108600
108100
108600
144100
142600
108500
115500
110200
108300
108000
107900
108300
108400
112300
108600
108300
108400
108100
143700
108900
109500
108800
108400
108800
108500
144300
108600
113700
108200
108200
108500
108300
108400
108300
108100
108200
108700
108300
110100
108200
108000
108900
108500
108400
108300
108100
119400
109400
108500
114000
111700
117300
108500
108400
108800
108600
108200
108200
107900
108900
149800
147700
108500
108600
278400
108200
108900
109100
108900
108200
109000
108500
108600
108400
108200
108600
108300
108200
108200
108500
108000
108300
109000
108000
108400
108400
108400
108100
108500
108300
108000
