16100
13700
13700
13700
13800
13800
13700
13700
14400
13900
14000
13600
14000
13600
18900
14500
16500
14200
13500
13900
13600
14000
13800
13800
14400
14200
14100
13800
13800
13700
13800
13800
13700
13800
14000
15000
13600
14600
14000
14100
14200
13800
14200
14300
14800
13600
13700
14000
14800
13900
13700
13800
13800
13800
13700
14400
17700
18400
14500
13700
13600
13800
13800
14400
14000
13700
13500
13600
13800
14200
14200
14300
13900
13700
14000
13800
14000
13600
14000
13900
13800
17800
14200
14000
13700
14400
14100
13700
13700
13600
17200
13600
13900
13900
14400
13900
14000
15100
13700
13700
