377400
294800
324800
296600
294300
297400
306500
380900
294400
388300
294400
295600
294300
294500
318300
294800
299600
294400
303200
295000
295000
295100
298100
294000
294300
295800
362900
294500
295500
294700
299200
293900
296300
295000
294900
294000
394900
294800
294700
294700
294100
294400
295300
297700
295700
294600
295100
295600
295400
295200
295200
296000
294400
295400
294600
294600
294800
295700
294600
297800
294500
355500
294300
294500
294200
297000
293700
293900
298800
298000
293900
296000
294400
294100
297300
398500
294500
296900
294500
295300
294500
295400
294900
295700
296200
297900
309400
294100
310800
295100
294500
294300
298700
294700
296900
295800
294400
294600
294600
295000
