122656
122656
122656
122656
122656
122656
122656
80308
80308
80308
80308
80308
80308
80308
80308
80308
80308
80308
80308
80308
80308
80308
80308
80308
80308
80308
80308
80308
80308
80308
80308
80308
80308
81552
81552
81552
81552
81552
81552
81552
81552
81552
81552
81552
81552
81552
81552
81552
81552
81552
81552
81552
81552
81552
81552
81552
81552
81552
81552
81552
52012
52012
52012
52012
52012
52012
52012
52012
52012
52012
52012
52012
52012
52012
52012
52012
52012
52012
52012
52012
52012
52012
52012
52012
52012
52012
52012
64424
64424
64424
64424
64424
64424
64424
64424
64424
64424
64424
64424
64424
