115444
115444
115444
115444
115444
115444
115444
115444
115444
115444
115444
115444
115444
115444
115444
115444
115444
115444
115444
115444
115444
115444
115444
97580
97580
97580
97580
97580
97580
97580
97580
97580
97580
97580
97580
97580
97580
97580
97580
97580
97580
97580
97580
97580
97580
97580
97580
97580
97580
105900
105900
105900
105900
105900
105900
105900
105900
105900
105900
105900
105900
105900
105900
105900
105900
105900
105900
105900
105900
105900
105900
105900
105900
105900
105900
105900
105900
111112
111112
111112
111112
111112
111112
111112
111112
111112
111112
111112
111112
111112
111112
111112
111112
111112
111112
111112
111112
111112
111112
111112
