112192
112192
112192
112192
112192
112192
112192
112192
112192
112192
112192
112192
112192
112192
112192
112192
112192
112192
112192
112192
112192
112192
112192
112192
112192
112192
112192
110852
110852
110852
110852
110852
110852
110852
110852
110852
110852
110852
110852
110852
110852
110852
110852
110852
110852
110852
110852
110852
110852
110852
110852
110852
110852
110852
110852
128072
128072
128072
128072
128072
128072
128072
128072
128072
128072
128072
128072
128072
128072
128072
128072
128072
128072
128072
128072
128072
128072
128072
128072
128072
128072
128072
99316
99316
99316
99316
99316
99316
99316
99316
99316
99316
99316
99316
99316
99316
99316
99316
99316
99316
