116532
116532
116532
116532
116532
116532
116532
116532
116532
116532
116532
116532
116532
119144
119144
119144
119144
119144
119144
119144
119144
119144
119144
119144
119144
119144
119144
119144
119144
119144
119144
119144
119144
119144
119144
119144
119144
119144
119144
119144
114056
114056
114056
114056
114056
114056
114056
114056
114056
114056
114056
114056
114056
114056
114056
114056
114056
114056
114056
114056
114056
114056
114056
114056
114056
114056
114056
113308
113308
113308
113308
113308
113308
113308
113308
113308
113308
113308
113308
113308
113308
113308
113308
113308
113308
113308
113308
113308
113308
113308
113308
113308
113308
124284
124284
124284
124284
124284
124284
124284
