84716
84716
84716
84716
84716
84716
84716
84716
84716
84716
84716
84716
84716
84716
84716
84716
84716
84716
84716
84716
84716
84716
52988
52988
52988
52988
52988
52988
52988
52988
52988
52988
52988
52988
52988
52988
52988
52988
52988
52988
52988
52988
52988
52988
52988
52988
52988
52988
52988
106900
106900
106900
106900
106900
106900
106900
106900
106900
106900
106900
106900
106900
106900
106900
106900
106900
106900
106900
106900
106900
106900
106900
106900
106900
106900
106900
80672
80672
80672
80672
80672
80672
80672
80672
80672
80672
80672
80672
80672
80672
80672
80672
80672
80672
80672
80672
80672
80672
80672
80672
