114288
114288
114288
114288
114288
114288
114288
114288
114288
114288
114288
114288
114288
107768
107768
107768
107768
107768
107768
107768
107768
107768
107768
107768
107768
107768
107768
107768
107768
107768
107768
107768
107768
107768
107768
107768
107768
107768
107768
118900
118900
118900
118900
118900
118900
118900
118900
118900
118900
118900
118900
118900
118900
118900
118900
118900
118900
118900
118900
118900
118900
118900
118900
118900
118900
123000
123000
123000
123000
123000
123000
123000
123000
123000
123000
123000
123000
123000
123000
123000
123000
123000
123000
123000
123000
123000
123000
123000
123000
123000
123000
123000
101504
101504
101504
101504
101504
101504
101504
101504
