129132
129132
129132
129132
129132
129132
129132
129132
129132
129132
129132
129132
129132
129132
129132
129132
129132
129132
129132
129132
129132
129132
129132
129132
129132
129132
127124
127124
127124
127124
127124
127124
127124
127124
127124
127124
127124
127124
127124
127124
127124
127124
127124
127124
127124
127124
127124
127124
127124
127124
127124
127124
127124
130536
130536
130536
130536
130536
130536
130536
130536
130536
130536
130536
130536
130536
130536
130536
130536
130536
130536
130536
130536
130536
130536
130536
130536
130536
130536
130536
127696
127696
127696
127696
127696
127696
127696
127696
127696
127696
127696
127696
127696
127696
127696
127696
127696
127696
127696
127696
