130032
130032
130032
130032
130032
130032
130032
130032
130032
130032
130032
127008
127008
127008
127008
127008
127008
127008
127008
127008
127008
127008
127008
127008
127008
127008
127008
127008
127008
127008
127008
127008
127008
127008
127008
127008
127008
127008
127008
120708
120708
120708
120708
120708
120708
120708
120708
120708
120708
120708
120708
120708
120708
120708
120708
120708
120708
120708
120708
120708
120708
120708
120708
120708
120708
120708
129876
129876
129876
129876
129876
129876
129876
129876
129876
129876
129876
129876
129876
129876
129876
129876
129876
129876
129876
129876
129876
129876
129876
129876
129876
129876
129876
120928
120928
120928
120928
120928
120928
120928
