83828
83828
83828
83828
83828
83828
94544
94544
94544
94544
94544
94544
94544
94544
94544
94544
94544
94544
94544
94544
94544
94544
94544
94544
94544
94544
94544
94544
94544
94544
82028
82028
82028
82028
82028
82028
82028
82028
82028
82028
82028
82028
82028
82028
82028
82028
82028
82028
82028
82028
82028
82028
82028
82028
82028
82028
82028
105848
105848
105848
105848
105848
105848
105848
105848
105848
105848
105848
105848
105848
105848
105848
105848
105848
105848
105848
105848
105848
105848
105848
105848
105848
105848
73088
73088
73088
73088
73088
73088
73088
73088
73088
73088
73088
73088
73088
73088
73088
73088
73088
