127216
127216
127216
127216
127216
127216
127216
127216
127216
127216
127216
127216
127216
127216
127216
127216
127216
127216
127216
126868
126868
126868
126868
126868
126868
126868
126868
126868
126868
126868
126868
126868
126868
126868
126868
126868
126868
126868
126868
126868
126868
126868
126868
126868
126868
126868
127080
127080
127080
127080
127080
127080
127080
127080
127080
127080
127080
127080
127080
127080
127080
127080
127080
127080
127080
127080
127080
127080
127080
127080
127080
127080
127080
130052
130052
130052
130052
130052
130052
130052
130052
130052
130052
130052
130052
130052
130052
130052
130052
130052
130052
130052
130052
130052
130052
130052
130052
130052
130052
130052
