130712
130712
130712
130712
130712
130712
131044
131044
131044
131044
131044
131044
131044
131044
131044
131044
131044
131044
131044
131044
131044
131044
131044
131044
131044
131044
131044
131044
131044
131044
131044
131044
131044
130712
130712
130712
130712
130712
130712
130712
130712
130712
130712
130712
130712
130712
130712
130712
130712
130712
130712
130712
130712
130712
130712
130712
130712
130712
130712
130728
130728
130728
130728
130728
130728
130728
130728
130728
130728
130728
130728
130728
130728
130728
130728
130728
130728
130728
130728
130728
130728
130728
130728
130728
130728
130728
130404
130404
130404
130404
130404
130404
130404
130404
130404
130404
130404
130404
130404
130404
