129532
129532
129532
129532
129532
129532
129532
129532
129532
129532
129532
129532
129532
129532
129532
129532
129532
129532
129532
130380
130380
130380
130380
130380
130380
130380
130380
130380
130380
130380
130380
130380
130380
130380
130380
130380
130380
130380
130380
130380
130380
130380
130380
130380
130380
127024
127024
127024
127024
127024
127024
127024
127024
127024
127024
127024
127024
127024
127024
127024
127024
127024
127024
127024
127024
127024
127024
127024
127024
127024
129580
129580
129580
129580
129580
129580
129580
129580
129580
129580
129580
129580
129580
129580
129580
129580
129580
129580
129580
129580
129580
129580
129580
129580
129580
129580
129580
129920
129920
129920
