126464
126464
126464
126464
126464
126464
126464
126464
126464
128520
128520
128520
128520
128520
128520
128520
128520
128520
128520
128520
128520
128520
128520
128520
128520
128520
128520
128520
128520
128520
128520
128520
128520
128520
128520
126592
126592
126592
126592
126592
126592
126592
126592
126592
126592
126592
126592
126592
126592
126592
126592
126592
126592
126592
126592
126592
126592
126592
126592
126592
126592
126592
114836
114836
114836
114836
114836
114836
114836
114836
114836
114836
114836
114836
114836
114836
114836
114836
114836
114836
114836
114836
114836
114836
114836
114836
114836
114836
114836
104992
104992
104992
104992
104992
104992
104992
104992
104992
104992
104992
