124848
124848
124848
124848
124848
124848
124848
124848
124848
124848
124848
107212
107212
107212
107212
107212
107212
107212
107212
107212
107212
107212
107212
107212
107212
107212
107212
107212
107212
107212
107212
107212
107212
107212
107212
107212
107212
107212
127184
127184
127184
127184
127184
127184
127184
127184
127184
127184
127184
127184
127184
127184
127184
127184
127184
127184
127184
127184
127184
127184
127184
127184
127184
127184
127184
124620
124620
124620
124620
124620
124620
124620
124620
124620
124620
124620
124620
124620
124620
124620
124620
124620
124620
124620
124620
124620
124620
124620
124620
124620
124620
114288
114288
114288
114288
114288
114288
114288
114288
114288
