69844
69844
69844
69844
69844
69844
69844
69844
69844
69844
69844
69844
69844
69844
69844
69844
69844
69844
69844
69844
69844
89696
89696
89696
89696
89696
89696
89696
89696
89696
89696
89696
89696
89696
89696
89696
89696
89696
89696
89696
89696
89696
89696
89696
89696
89696
89696
89696
80624
80624
80624
80624
80624
80624
80624
80624
80624
80624
80624
80624
80624
80624
80624
80624
80624
80624
80624
80624
80624
80624
80624
80624
80624
80624
80624
80624
36816
36816
36816
36816
36816
36816
36816
36816
36816
36816
36816
36816
36816
36816
36816
36816
36816
36816
36816
36816
36816
36816
36816
36816
