127452
123208
123208
123208
123208
123208
123208
123208
123208
123208
123208
123208
123208
123208
123208
123208
123208
123208
123208
123208
123208
123208
123208
123208
123208
123208
123208
128088
128088
128088
128088
128088
128088
128088
128088
128088
128088
128088
128088
128088
128088
128088
128088
128088
128088
128088
128088
128088
128088
128088
128088
128088
128088
128088
117792
117792
117792
117792
117792
117792
117792
117792
117792
117792
117792
117792
117792
117792
117792
117792
117792
117792
117792
117792
117792
117792
117792
117792
117792
117792
126328
126328
126328
126328
126328
126328
126328
126328
126328
126328
126328
126328
126328
126328
126328
126328
126328
126328
126328
126328
