127508
127508
127508
127508
127508
127508
127508
127508
127508
127508
127508
127508
127508
127508
127508
127508
127508
127508
127508
127508
127508
127508
128996
128996
128996
128996
128996
128996
128996
128996
128996
128996
128996
128996
128996
128996
128996
128996
128996
128996
128996
128996
128996
128996
128996
128996
128996
128996
128996
126692
126692
126692
126692
126692
126692
126692
126692
126692
126692
126692
126692
126692
126692
126692
126692
126692
126692
126692
126692
126692
126692
126692
126692
126692
126692
126692
128608
128608
128608
128608
128608
128608
128608
128608
128608
128608
128608
128608
128608
128608
128608
128608
128608
128608
128608
128608
128608
128608
128608
128608
