124656
124656
124656
124656
124656
124656
124656
124656
124656
124656
124656
124656
124656
124656
124656
124656
124656
124656
124656
124656
124656
124656
124656
124656
124656
117224
117224
117224
117224
117224
117224
117224
117224
117224
117224
117224
117224
117224
117224
117224
117224
117224
117224
117224
117224
117224
117224
117224
117224
117224
117224
124628
124628
124628
124628
124628
124628
124628
124628
124628
124628
124628
124628
124628
124628
124628
124628
124628
124628
124628
124628
124628
124628
124628
124628
124628
124628
124628
126056
126056
126056
126056
126056
126056
126056
126056
126056
126056
126056
126056
126056
126056
126056
126056
126056
126056
126056
126056
126056
126056
