130932
130932
130440
130440
130440
130440
130440
130440
130440
130440
130440
130440
130440
130440
130440
130440
130440
130440
130440
130440
130440
130440
130440
130440
130440
130440
130440
130440
130440
130628
130628
130628
130628
130628
130628
130628
130628
130628
130628
130628
130628
130628
130628
130628
130628
130628
130628
130628
130628
130628
130628
130628
130628
130628
130628
130628
130852
130852
130852
130852
130852
130852
130852
130852
130852
130852
130852
130852
130852
130852
130852
130852
130852
130852
130852
130852
130852
130852
130852
130852
130852
130852
130852
130604
130604
130604
130604
130604
130604
130604
130604
130604
130604
130604
130604
130604
130604
130604
130604
130604
