130296
130296
130296
130296
130296
130296
130296
130296
130296
130296
130296
130296
130296
130296
130296
130296
130296
130296
130296
130296
130296
130296
129920
129920
129920
129920
129920
129920
129920
129920
129920
129920
129920
129920
129920
129920
129920
129920
129920
129920
129920
129920
129920
129920
129920
129920
130896
130896
130896
130896
130896
130896
130896
130896
130896
130896
130896
130896
130896
130896
130896
130896
130896
130896
130896
130896
130896
130896
130896
130896
130896
130896
130896
130512
130512
130512
130512
130512
130512
130512
130512
130512
130512
130512
130512
130512
130512
130512
130512
130512
130512
130512
130512
130512
130512
130512
130512
130512
130512
130512
