129708
129708
129708
129708
129708
129708
129708
129708
129708
129708
129708
129708
129708
129708
129708
129708
129708
129708
129708
129708
129708
129708
129708
130940
130940
130940
130940
130940
130940
130940
130940
130940
130940
130940
130940
130940
130940
130940
130940
130940
130940
130940
130940
130940
130940
130940
130940
130940
130940
130092
130092
130092
130092
130092
130092
130092
130092
130092
130092
130092
130092
130092
130092
130092
130092
130092
130092
130092
130092
130092
130092
130092
130092
130092
130092
130500
130500
130500
130500
130500
130500
130500
130500
130500
130500
130500
130500
130500
130500
130500
130500
130500
130500
130500
130500
130500
130500
130500
130500
130500
