125824
125824
125824
125824
125824
125824
125824
125824
125824
125824
125824
125824
125824
125824
125824
125824
125824
125824
125824
125824
125824
123956
123956
123956
123956
123956
123956
123956
123956
123956
123956
123956
123956
123956
123956
123956
123956
123956
123956
123956
123956
123956
123956
123956
123956
123956
123956
123956
89288
89288
89288
89288
89288
89288
89288
89288
89288
89288
89288
89288
89288
89288
89288
89288
89288
89288
89288
89288
89288
89288
89288
89288
89288
89288
89288
101536
101536
101536
101536
101536
101536
101536
101536
101536
101536
101536
101536
101536
101536
101536
101536
101536
101536
101536
101536
101536
101536
101536
101536
101536
