130220
130220
130220
130220
130220
130220
130220
130220
130220
130220
130220
130220
130220
130220
130220
130220
130220
130220
130220
130220
130056
130056
130056
130056
130056
130056
130056
130056
130056
130056
130056
130056
130056
130056
130056
130056
130056
130056
130056
130056
130056
130056
130056
130056
130056
130056
130116
130116
130116
130116
130116
130116
130116
130116
130116
130116
130116
130116
130116
130116
130116
130116
130116
130116
130116
130116
130116
130116
130116
130116
130116
130116
130116
129896
129896
129896
129896
129896
129896
129896
129896
129896
129896
129896
129896
129896
129896
129896
129896
129896
129896
129896
129896
129896
129896
129896
129896
129896
129896
128908
