130404
130404
130404
130404
130404
130404
130404
130404
130456
130456
130456
130456
130456
130456
130456
130456
130456
130456
130456
130456
130456
130456
130456
130456
130456
130456
130456
130456
130456
130456
130456
130456
130456
130456
130456
130808
130808
130808
130808
130808
130808
130808
130808
130808
130808
130808
130808
130808
130808
130808
130808
130808
130808
130808
130808
130808
130808
130808
130808
130808
130808
130808
130056
130056
130056
130056
130056
130056
130056
130056
130056
130056
130056
130056
130056
130056
130056
130056
130056
130056
130056
130056
130056
130056
130056
130056
130056
130056
130744
130744
130744
130744
130744
130744
130744
130744
130744
130744
130744
130744
