114236
114236
114236
114236
114236
114236
114236
114236
114236
114236
114236
114236
114236
114236
114236
126304
126304
126304
126304
126304
126304
126304
126304
126304
126304
126304
126304
126304
126304
126304
126304
126304
126304
126304
126304
126304
126304
126304
126304
126304
126304
101336
101336
101336
101336
101336
101336
101336
101336
101336
101336
101336
101336
101336
101336
101336
101336
101336
101336
101336
101336
101336
101336
101336
101336
101336
101336
101336
111560
111560
111560
111560
111560
111560
111560
111560
111560
111560
111560
111560
111560
111560
111560
111560
111560
111560
111560
111560
111560
111560
111560
111560
111560
111560
111560
122564
122564
122564
122564
122564
