73548
73548
73548
73548
76092
76092
76092
76092
76092
76092
76092
76092
76092
76092
76092
76092
76092
76092
76092
76092
76092
76092
76092
76092
76092
76092
76092
76092
76092
76092
76092
83764
83764
83764
83764
83764
83764
83764
83764
83764
83764
83764
83764
83764
83764
83764
83764
83764
83764
83764
83764
83764
83764
83764
83764
83764
83764
100576
100576
100576
100576
100576
100576
100576
100576
100576
100576
100576
100576
100576
100576
100576
100576
100576
100576
100576
100576
100576
100576
100576
100576
100576
100576
83828
83828
83828
83828
83828
83828
83828
83828
83828
83828
83828
83828
83828
83828
83828
83828
83828
