130764
130764
130764
130764
130764
130764
130764
130764
130764
130764
130764
130764
130764
130764
130764
130764
130764
130764
130764
130764
130764
130764
130764
130764
130764
130360
130360
130360
130360
130360
130360
130360
130360
130360
130360
130360
130360
130360
130360
130360
130360
130360
130360
130360
130360
130360
130360
130360
130360
130360
130360
130360
130932
130932
130932
130932
130932
130932
130932
130932
130932
130932
130932
130932
130932
130932
130932
130932
130932
130932
130932
130932
130932
130932
130932
130932
130932
130932
130932
130292
130292
130292
130292
130292
130292
130292
130292
130292
130292
130292
130292
130292
130292
130292
130292
130292
130292
130292
130292
130292
