95016
95016
95016
95016
95016
95016
95016
95016
95016
95016
49048
49048
49048
49048
49048
49048
49048
49048
49048
49048
49048
49048
49048
49048
49048
49048
49048
49048
49048
49048
49048
49048
49048
49048
49048
49048
49048
101252
101252
101252
101252
101252
101252
101252
101252
101252
101252
101252
101252
101252
101252
101252
101252
101252
101252
101252
101252
101252
101252
101252
101252
101252
101252
101252
120072
120072
120072
120072
120072
120072
120072
120072
120072
120072
120072
120072
120072
120072
120072
120072
120072
120072
120072
120072
120072
120072
120072
120072
120072
120072
120072
116620
116620
116620
116620
116620
116620
116620
116620
116620
