118848
118848
118848
118848
118848
118848
118848
124856
124856
124856
124856
124856
124856
124856
124856
124856
124856
124856
124856
124856
124856
124856
124856
124856
124856
124856
124856
124856
124856
124856
124856
124856
124856
124856
126536
126536
126536
126536
126536
126536
126536
126536
126536
126536
126536
126536
126536
126536
126536
126536
126536
126536
126536
126536
126536
126536
126536
126536
126536
126536
122496
122496
122496
122496
122496
122496
122496
122496
122496
122496
122496
122496
122496
122496
122496
122496
122496
122496
122496
122496
122496
122496
122496
122496
122496
122496
122496
127264
127264
127264
127264
127264
127264
127264
127264
127264
127264
127264
127264
127264
