116408
116408
116408
116408
116408
116408
116408
116408
116408
116408
116408
116408
128364
128364
128364
128364
128364
128364
128364
128364
128364
128364
128364
128364
128364
128364
128364
128364
128364
128364
128364
128364
128364
128364
128364
128364
128364
128364
116168
116168
116168
116168
116168
116168
116168
116168
116168
116168
116168
116168
116168
116168
116168
116168
116168
116168
116168
116168
116168
116168
116168
116168
116168
116168
116168
121020
121020
121020
121020
121020
121020
121020
121020
121020
121020
121020
121020
121020
121020
121020
121020
121020
121020
121020
121020
121020
121020
121020
121020
121020
121020
121020
121020
118752
118752
118752
118752
118752
118752
118752
