104996
104996
104996
104996
104996
104996
104996
104996
122176
122176
122176
122176
122176
122176
122176
122176
122176
122176
122176
122176
122176
122176
122176
122176
122176
122176
122176
122176
122176
122176
122176
122176
122176
122176
122176
105668
105668
105668
105668
105668
105668
105668
105668
105668
105668
105668
105668
105668
105668
105668
105668
105668
105668
105668
105668
105668
105668
105668
105668
105668
105668
107604
107604
107604
107604
107604
107604
107604
107604
107604
107604
107604
107604
107604
107604
107604
107604
107604
107604
107604
107604
107604
107604
107604
107604
107604
107604
107604
119008
119008
119008
119008
119008
119008
119008
119008
119008
119008
119008
119008
