58312
58312
58312
58312
58312
58312
58312
58312
58312
58312
58312
58312
15328
15328
15328
15328
15328
15328
15328
15328
15328
15328
15328
15328
15328
15328
15328
15328
15328
15328
15328
15328
15328
15328
15328
15328
15328
15328
15328
27660
27660
27660
27660
27660
27660
27660
27660
27660
27660
27660
27660
27660
27660
27660
27660
27660
27660
27660
27660
27660
27660
27660
27660
27660
27660
27660
60444
60444
60444
60444
60444
60444
60444
60444
60444
60444
60444
60444
60444
60444
60444
60444
60444
60444
60444
60444
60444
60444
60444
60444
60444
60444
60444
17460
17460
17460
17460
17460
17460
17460
