127264
127264
127264
127264
127264
127264
127264
127264
127264
127264
121616
121616
121616
121616
121616
121616
121616
121616
121616
121616
121616
121616
121616
121616
121616
121616
121616
121616
121616
121616
121616
121616
121616
121616
121616
121616
121616
128840
128840
128840
128840
128840
128840
128840
128840
128840
128840
128840
128840
128840
128840
128840
128840
128840
128840
128840
128840
128840
128840
128840
128840
128840
128840
128840
125812
125812
125812
125812
125812
125812
125812
125812
125812
125812
125812
125812
125812
125812
125812
125812
125812
125812
125812
125812
125812
125812
125812
125812
125812
125812
125812
126892
126892
126892
126892
126892
126892
126892
126892
126892
