90328
90328
90328
90328
90328
90328
125012
125012
125012
125012
125012
125012
125012
125012
125012
125012
125012
125012
125012
125012
125012
125012
125012
125012
125012
125012
125012
125012
125012
125012
125012
125012
117452
117452
117452
117452
117452
117452
117452
117452
117452
117452
117452
117452
117452
117452
117452
117452
117452
117452
117452
117452
117452
117452
117452
117452
117452
117452
117452
95072
95072
95072
95072
95072
95072
95072
95072
95072
95072
95072
95072
95072
95072
95072
95072
95072
95072
95072
95072
95072
95072
95072
95072
95072
95072
95072
124940
124940
124940
124940
124940
124940
124940
124940
124940
124940
124940
124940
124940
124940
