125752
125752
125752
125752
125752
125752
125752
125752
125752
125752
125752
125752
125752
125752
125752
125752
130284
130284
130284
130284
130284
130284
130284
130284
130284
130284
130284
130284
130284
130284
130284
130284
130284
130284
130284
130284
130284
130284
130284
130284
130284
130284
123204
123204
123204
123204
123204
123204
123204
123204
123204
123204
123204
123204
123204
123204
123204
123204
123204
123204
123204
123204
123204
123204
123204
123204
123204
123204
123204
121052
121052
121052
121052
121052
121052
121052
121052
121052
121052
121052
121052
121052
121052
121052
121052
121052
121052
121052
121052
121052
121052
121052
121052
121052
121052
121052
127216
127216
127216
127216
