130292
130900
130900
130900
130900
130900
130900
130900
130900
130900
130900
130900
130900
130900
130900
130900
130900
130900
130900
130900
130900
130900
130900
130900
130900
130900
130900
130900
129820
129820
129820
129820
129820
129820
129820
129820
129820
129820
129820
129820
129820
129820
129820
129820
129820
129820
129820
129820
129820
129820
129820
129820
129820
129820
129820
130704
130704
130704
130704
130704
130704
130704
130704
130704
130704
130704
130704
130704
130704
130704
130704
130704
130704
130704
130704
130704
130704
130704
130704
130704
130704
130892
130892
130892
130892
130892
130892
130892
130892
130892
130892
130892
130892
130892
130892
130892
130892
130892
130892
130892
