10316
10316
10316
10316
10316
10316
10316
10316
10316
10316
10316
100924
100924
100924
100924
100924
100924
100924
100924
100924
100924
100924
100924
100924
100924
100924
100924
100924
100924
100924
100924
100924
100924
100924
100924
100924
100924
100924
100924
58616
58616
58616
58616
58616
58616
58616
58616
58616
58616
58616
58616
58616
58616
58616
58616
58616
58616
58616
58616
58616
58616
58616
58616
58616
58616
58616
44000
44000
44000
44000
44000
44000
44000
44000
44000
44000
44000
44000
44000
44000
44000
44000
44000
44000
44000
44000
44000
44000
44000
44000
44000
44000
44000
44000
49476
49476
49476
49476
49476
49476
