126328
126328
126328
118852
118852
118852
118852
118852
118852
118852
118852
118852
118852
118852
118852
118852
118852
118852
118852
118852
118852
118852
118852
118852
118852
118852
118852
118852
118852
118852
118852
123172
123172
123172
123172
123172
123172
123172
123172
123172
123172
123172
123172
123172
123172
123172
123172
123172
123172
123172
123172
123172
123172
123172
123172
123172
123172
129988
129988
129988
129988
129988
129988
129988
129988
129988
129988
129988
129988
129988
129988
129988
129988
129988
129988
129988
129988
129988
129988
129988
129988
129988
129988
129988
129988
118772
118772
118772
118772
118772
118772
118772
118772
118772
118772
118772
118772
118772
118772
118772
