1 4 0.04 4 4 100 distribution-data/d-m-100-1.txt
2 36146.3 361.463 60444 15328 100 distribution-data/d-m-100-2.txt
3 45873.2 458.732 70080 25528 100 distribution-data/d-m-100-3.txt
4 70295.7 702.957 89696 36816 100 distribution-data/d-m-100-4.txt
5 77587.2 775.872 82448 73548 100 distribution-data/d-m-100-5.txt
6 85665.9 856.659 83828 100576 100 distribution-data/d-m-100-6.txt
7 89813.2 898.132 94544 105848 100 distribution-data/d-m-100-7.txt
8 91252 912.52 97804 105424 100 distribution-data/d-m-100-8.txt
9 109280 1092.8 97804 90328 100 distribution-data/d-m-100-9.txt
10 112796 1127.96 95072 117452 100 distribution-data/d-m-100-10.txt
11 121532 1215.32 128520 104992 100 distribution-data/d-m-100-11.txt
12 122326 1223.26 126384 117132 100 distribution-data/d-m-100-12.txt
13 119631 1196.31 123808 111940 100 distribution-data/d-m-100-13.txt
14 116273 1162.73 124284 113308 100 distribution-data/d-m-100-14.txt
15 121544 1215.44 124284 114252 100 distribution-data/d-m-100-15.txt
16 111961 1119.61 124484 104492 100 distribution-data/d-m-100-16.txt
17 112357 1123.57 124484 103628 100 distribution-data/d-m-100-17.txt
18 116728 1167.28 119276 108512 100 distribution-data/d-m-100-18.txt
19 120907 1209.07 128364 116168 100 distribution-data/d-m-100-19.txt
20 116038 1160.38 123220 100172 100 distribution-data/d-m-100-20.txt
