23800
22000
22100
21800
21600
21600
21400
22100
21800
21500
21500
21500
21700
21500
24700
27600
21800
21400
31000
22100
21500
22500
23100
28800
22100
21500
22000
21600
27800
21800
21500
22400
24600
21800
21700
24800
22900
21500
21600
23000
21500
21600
21900
22100
23300
21900
21700
21800
22300
22600
22100
21900
21900
22300
22000
21900
22400
24500
21900
22200
21500
22100
21900
22600
22000
22200
22000
21900
21900
21600
22200
22000
22100
22700
22300
21700
21800
22700
23200
23300
22000
25100
29200
22700
22300
22000
22600
21800
21900
22800
21700
21500
21600
22700
23100
23300
22900
22500
22900
22200
