84400
82700
83300
83800
84300
83100
82700
90400
83100
85000
83100
88300
89800
86700
89500
84300
91600
82700
82000
83900
83900
83400
85400
86000
83900
84100
83200
93000
82700
82700
85300
85100
82600
82800
85200
85300
82900
84600
83600
85800
89500
87900
82600
82600
85600
83100
82600
92700
83200
82900
85600
91400
88700
83100
82000
88100
83200
84500
84200
84100
91900
84100
84100
82900
86800
91200
83100
86900
88700
89100
84300
82900
89400
84600
83400
88700
84600
84500
83000
83100
94000
82900
84600
84300
88000
88200
84000
82400
83000
86700
82700
82600
84700
86500
122100
82500
84600
84600
87000
82600
