26800
25600
26800
25800
26300
34800
25700
25200
25500
25400
24600
25600
24700
24500
24600
24700
25100
24400
26000
25500
25900
25900
24400
25600
25300
25400
25400
24700
25100
25600
25600
25600
25600
24600
25100
24200
24500
25500
24500
25600
24700
24500
25500
26100
24500
25300
25600
25700
25100
28100
24400
25100
25700
25300
26500
27400
27000
25700
25400
25500
27300
24400
24100
24400
24700
24500
24500
25300
24700
26100
24700
25600
25700
28800
24400
26100
26700
24600
25600
25600
25200
25600
24900
26000
26100
25300
26200
24800
24700
24700
24500
24600
25900
25000
24200
25500
25500
25600
24600
24600
