12100
11600
11400
11300
11600
11500
12000
11500
11500
11300
11800
11900
11600
11900
11900
11800
11500
11300
12300
11800
11600
11400
14900
11600
11800
11600
15200
11400
15800
11500
14900
15900
15600
14000
11700
14500
12000
11700
11400
11600
11500
11700
11400
11500
11900
11800
12100
11700
11500
11500
11700
11600
12000
11500
11600
11400
11900
11800
11500
11500
11800
11500
11700
11500
11900
11500
11900
11900
11800
11700
11800
11800
11500
11800
11800
11800
11700
11700
12300
12100
12300
11800
11800
11700
11700
12300
11900
11900
11800
11700
11700
11500
12300
11800
11900
11700
11600
11700
12400
11700
