29000
31200
32400
28200
30500
28500
29100
30700
28700
30600
29400
29100
29500
29400
29700
29700
30200
29900
31800
29800
28600
28800
28400
28400
28200
28500
30800
28700
28300
29500
28900
28300
40800
29600
28200
28900
29600
30000
30900
29300
29400
28600
39500
29800
28500
29900
41100
29200
31100
29000
29500
30100
30100
29300
29500
30000
29300
29400
29100
30600
29500
29600
29700
29800
30900
29400
30700
28900
30000
28800
28500
28900
31300
28500
29600
28400
28600
28900
28800
30200
30300
28600
29100
28800
29000
30500
30400
29300
29500
28300
30000
29500
29400
29500
29000
29100
28300
29600
28200
30800
