11600
8900
8700
8900
8600
8600
8500
8700
8500
8300
11600
8700
8500
8400
8300
8700
8800
8700
8400
8600
8300
8500
8600
8300
8300
8500
8600
8600
8200
8600
8300
8400
8400
8200
8300
8700
8200
8300
8400
8400
8300
8200
8300
8300
8500
8300
8300
8300
8200
8600
8300
8500
8300
11200
8100
8300
8300
8300
8200
8500
8300
8100
8400
8300
8100
8400
8400
8100
8300
8300
8200
8200
8300
8600
8300
8300
8200
8200
8100
8300
8500
8300
8100
8400
8300
8400
8400
8400
8300
8400
8600
8400
8800
8600
8400
8400
8800
8500
8300
8300
