64500
67800
66900
63900
63700
64100
77700
64000
64000
105400
64000
64000
63900
82400
64100
63800
91300
67900
67600
65900
63600
66100
65900
63800
63400
65700
65400
72000
63700
63400
63400
65500
65300
63100
63600
63600
99300
63600
63500
63400
63100
74400
63400
63200
63600
63100
64700
63800
66900
64800
70400
66200
66800
64100
66600
65200
64100
64200
64600
64300
64600
90400
63900
84700
75900
64400
89700
85700
87100
64100
64300
64400
63900
72000
64300
62100
64100
69600
87100
62800
62400
62300
61800
62400
62200
62600
65100
65600
80800
62100
84100
62400
62800
64400
62000
62300
62200
62300
62200
67900
