27000
30900
31000
27700
27600
28800
28700
28800
28400
28000
28500
28800
29100
27200
28600
27300
28800
27300
29300
27700
29100
28400
27500
27200
29300
28500
27600
28600
27500
28500
28100
31200
28700
29400
27500
28000
27800
27700
27600
27300
28300
29200
27600
27600
27200
27500
27600
31300
30000
27900
50100
27300
29200
27600
27500
27700
27300
29400
28100
28600
27700
27900
27900
27900
27700
27500
27500
27500
27400
27500
27500
27500
27500
28000
27800
28900
29000
28100
27600
28700
29300
29700
27800
27400
28000
31300
27300
28900
27700
27900
27600
30400
27500
27800
31300
27700
27800
27900
27300
28900
