116300
84300
85200
83900
84100
86900
85800
84300
83700
86500
84300
83700
84000
85300
84000
86900
88100
88500
87700
85300
87900
88200
88900
84200
84100
85400
83700
86400
85900
85300
84000
83600
91800
91000
84100
83900
84100
89400
126600
84500
87300
84300
84100
86000
91700
90700
89900
84400
86200
86700
85200
84900
86800
90500
85800
89900
84700
86000
85000
85500
84100
93900
83600
84700
84000
88200
85900
86000
84400
91300
89800
85300
85500
87200
118000
85200
86800
86900
84600
85300
88200
90000
87200
86600
89000
86700
86000
85600
84200
121400
87900
84600
85800
88300
88400
84300
84100
89600
87300
84200
