8600
8300
8800
8100
8700
8200
8500
8200
8200
8100
8100
8100
8300
8400
8100
8200
8300
8800
8300
8500
8300
8600
8500
8200
9200
8600
8300
8100
8600
8400
8400
8400
9300
8600
23300
8400
8200
8400
8400
8400
8300
8800
8400
8300
8400
8700
8500
8300
8400
8500
8800
8300
8800
8300
8300
8400
8300
8400
8400
8500
8800
11200
8800
8200
8400
8700
8600
8300
8500
8300
8200
8200
8200
8300
8300
8300
8200
8700
9000
8400
8700
8600
9000
8200
8800
8200
12500
8000
8200
8200
8900
8400
8200
7900
8200
8400
10100
8300
11500
8100
