86100
72700
73200
75100
73900
75000
72900
73000
70700
71000
70800
71200
71500
71400
70400
71700
72000
71000
71100
71200
71500
72200
70900
73700
73400
71400
70900
76400
73800
72200
70800
71500
71400
71000
71400
70800
71100
73700
74800
71500
77000
71200
70900
70600
71100
71300
71200
73500
73500
71900
71100
71200
71500
71600
71300
71800
73300
71300
71900
71300
70900
74600
75400
71700
70800
77000
78300
71100
71100
71000
75000
71400
70900
71400
71600
70900
76900
71500
78800
71100
74700
75300
70700
71600
77200
70900
72100
70900
71200
70900
72100
72000
71900
77000
71500
71700
71400
76900
72300
75700
