19500
19000
19300
18500
19000
19200
19100
18900
18600
18700
18800
18800
19200
19400
19300
18800
20700
20100
18600
18500
18500
19100
18600
19000
19200
18800
25100
18900
19200
18800
18900
19000
19100
18900
20500
19500
18600
18900
18900
18900
19000
18900
19100
19300
19100
19600
19200
18700
20100
18600
19100
19000
19700
25900
19000
18600
18500
19000
18700
18800
18700
18700
21400
18700
18600
18500
18700
18500
18900
18500
18700
18600
18600
18700
26900
18500
26600
24900
18800
18900
18500
18200
18700
18100
18200
18200
20200
18800
18600
24300
18400
18500
18300
18700
18300
18300
18200
18300
18600
19100
