65400
78900
67600
65400
69000
65600
65400
69100
65300
65700
67200
69200
70300
69900
65200
65700
65700
65500
65200
69200
97900
65500
65000
65400
65100
69400
65300
69700
68800
65300
66800
65600
68100
67200
68800
65300
67200
65400
69500
65300
65300
65300
70100
95100
65400
65200
65500
69400
65100
65300
65400
66700
69100
71300
65400
66100
67700
68200
65700
66100
66000
69700
65900
68100
66100
66600
65900
68300
65800
65900
65800
67600
67000
68600
67200
66200
73200
68000
65600
90200
65400
67800
70600
66900
65500
67300
65800
66900
66200
65500
65600
66300
65600
70400
65500
69200
68000
65700
68100
71400
