72500
69600
69700
69700
69500
69400
71300
71300
77600
70000
70800
70400
69500
72900
71700
70100
69600
71400
71400
69800
69600
70700
69600
69700
69100
73100
68800
72200
68600
72200
69100
71900
70200
69300
69800
69100
70300
69600
76700
69700
69600
68800
72400
69100
69500
69500
82600
76500
69400
71300
80300
69600
69300
69700
101200
100900
100700
73400
69700
75000
69500
72600
69200
69400
69200
70700
71300
71500
69500
69600
71000
75300
69400
70300
69600
73400
70300
87900
69900
74200
73900
69400
69600
70200
74200
75100
70100
75700
69400
69500
69700
69800
69200
69300
73100
73600
69600
69400
71900
73100
