19800
19800
19800
20900
20200
19900
26300
19900
20700
20000
20300
20400
19800
19900
19900
19900
20400
21100
20000
26500
20700
19800
20100
20000
22500
20000
20500
20000
20100
20000
20100
20000
20900
20100
20400
20100
20700
20400
20300
21800
20100
20300
21100
20200
20600
20600
20200
20500
20200
20900
20400
20600
20500
20900
20200
20400
20400
21100
21000
20200
20400
21300
20200
20900
20300
20000
20500
22300
20400
21200
20300
20200
23600
20500
20200
20200
22100
20300
21300
21200
21400
20400
48000
20100
21200
21700
20200
20900
21400
20600
20000
20300
20700
20100
20200
20400
20100
26300
20100
20200
