5300
5900
5600
5500
5900
5500
5700
5700
5800
5800
6000
5900
5500
5600
5500
5400
6000
5700
5500
5800
5500
5900
5400
5500
6000
5800
5600
5700
5400
6100
5800
5900
5800
5600
5700
5600
5600
5600
6000
5800
5500
5400
6000
5700
5500
5200
5500
5700
5800
5500
5900
5500
5700
5600
8400
5300
5600
6000
6000
5600
5800
5800
6000
5800
7400
5600
5500
5600
5900
5600
6100
7800
5700
5500
5500
5800
5700
5700
5900
5600
5700
5500
5700
5600
5800
5900
5500
5700
5500
5500
5600
5800
5500
5600
5600
5700
6000
5500
5500
6000
