74700
67900
67500
68700
91000
67800
67700
68900
69400
70100
71200
73300
67700
93400
72900
67000
71300
69300
71200
70000
70800
72200
67000
72900
67300
67900
66900
67900
72300
70100
67100
68200
69500
66800
68500
69100
70100
70100
67700
67400
67500
67800
72000
67600
70400
72300
67500
67800
67100
68400
67700
70000
67700
67600
94900
71800
71200
69900
67600
69900
67500
75200
67700
67100
70800
67600
67900
67800
67200
67600
71600
67100
68900
68000
67200
70500
67400
68100
71900
70000
70200
69700
67400
90400
69600
74300
68100
68000
68100
71500
70100
67000
67600
67300
71600
70300
68100
67700
68000
75400
