13800
9900
9900
10100
10000
9900
10200
9800
10200
10400
9800
10000
10000
9600
10000
9900
9900
9800
9900
10100
10100
9800
10100
9800
10000
9800
10200
9900
9800
10000
10300
9700
9900
10000
9600
9700
10300
10000
9700
11400
9800
9800
9800
9700
9900
10300
10000
10000
10100
9800
9800
10000
9900
9600
9900
9800
9900
9700
10100
10000
9800
10000
9600
9900
9900
9800
9800
9800
10300
9900
9800
10200
10000
9800
9700
10000
9800
10200
10200
12100
9700
9600
10200
9900
11900
10400
9900
10100
9700
9900
10100
11500
9800
9900
9900
10000
9900
9800
10100
10000
