75300
74400
104300
73900
78000
73200
73000
73100
76200
74300
75600
72600
75400
73300
73100
73300
74700
73800
73000
72900
75100
76600
75700
73300
73000
73200
73000
73600
74100
75800
77600
73300
74500
73200
72900
80300
77200
72800
77000
72800
75200
73300
74500
75400
75200
74000
72700
77900
73200
75100
72700
72800
72900
75700
79200
73400
73300
73600
74400
73000
73500
72500
73500
72600
72900
74100
72300
77600
73000
73300
73500
72800
76700
72800
73600
73300
73700
76200
72900
72700
76500
79400
76500
73500
73000
73700
72300
78600
73000
73000
72700
76200
73900
73000
73200
76400
78100
79700
73700
74100
