14800
15500
14600
14700
16000
15100
15900
15800
15000
15800
14900
15200
16000
15900
14800
15400
15000
15600
14800
14700
15100
14500
14700
15900
14800
16000
14600
20700
15800
15800
17200
15500
15600
15400
16000
15700
15600
15700
14800
14800
14900
15000
14700
15500
15200
15700
15200
15500
15000
15600
14800
15900
14900
15700
15700
14800
14800
14700
14800
16000
14600
15000
15300
16000
16200
15700
15600
14900
14600
16400
19200
14600
19300
15800
15600
15100
14600
15700
14600
14700
15700
14500
15900
15000
15000
14800
14900
15600
15700
15800
15500
14900
15000
14600
14600
15000
15600
15600
15000
15700
