3600
3500
3400
3200
3400
3500
3700
3700
3700
3700
3600
3500
3700
3500
3700
3400
3500
3400
3700
3600
4900
3400
3600
4000
3400
3400
3600
3800
14500
3500
3600
3600
3400
3600
3900
3600
3600
3500
3600
3400
3600
7800
3400
3600
5200
4700
9200
5300
5300
5000
5000
5200
3500
3800
3800
3500
3400
3400
3400
3700
3900
3600
3500
3600
3400
3800
3700
3600
3800
3600
3700
3400
3500
3700
3600
3800
3500
4900
3600
3500
3500
3600
3400
3700
3700
3400
3600
3800
3200
3600
3700
3700
3700
3500
3700
3600
3800
3500
3800
3400
