12000
11700
11800
11700
11900
12100
12000
16800
11800
11900
11900
12000
11800
12900
12500
11900
11800
12100
12100
11900
12000
11900
12000
12100
13000
11700
12800
12900
16900
17400
16200
11800
12500
16800
11700
11900
11800
12500
11800
12700
12200
12000
12300
11900
11700
11600
12000
11900
12200
12200
11900
11900
11800
11900
12100
11800
12000
12100
12300
11900
12100
12100
12000
11900
11600
11600
11800
12000
11800
12000
12000
13100
11900
11900
12000
12300
11900
12000
12300
12700
11900
12200
11900
12900
11700
11800
12800
12000
12200
12600
12000
11700
12100
11700
12100
17900
12600
12400
12000
11700
