81600
82500
88500
84600
87600
83200
82500
83300
82300
81400
81300
81500
82700
83900
81700
88200
85300
83200
81100
81900
82600
82100
86400
83800
81200
86300
81300
84400
81700
83900
86500
85400
81000
82400
80600
81400
84000
81300
81900
82100
86200
81000
92300
83300
80700
91900
86700
86500
81200
86700
80800
80800
83800
80800
83500
83400
84100
82500
84900
83700
81200
80700
90300
83100
112000
81900
81200
80800
90500
89900
81000
81500
82000
87600
84400
81800
82100
85000
80600
80400
83500
87900
86600
81100
82700
81100
83900
87000
81200
81300
85600
88400
84000
81500
82200
81400
81100
81100
81000
81700
