27200
26800
27200
25900
27200
27500
26200
26000
26100
26500
26000
25900
26500
26700
28800
27000
27300
26900
29600
32600
26000
26000
26200
25700
26200
26100
36000
25900
26000
25800
27200
25700
26500
26200
26300
26800
27000
25900
25800
26100
27600
26400
26900
26700
25900
25800
26300
26800
25500
25900
25700
26800
28700
26100
26000
27300
27800
34100
26200
26500
27200
30300
28700
26600
25900
25800
27600
25900
27300
26300
26000
30700
25700
25800
26000
25800
27500
27100
26000
25900
27700
26200
25800
25800
25900
27900
25600
27000
26100
25900
26300
27000
26200
25900
26100
26400
26100
25800
25700
27300
