26500
26900
27900
29400
46800
38700
29200
27900
38500
39100
27300
30100
27100
26700
26600
27600
27400
28000
27400
26400
28700
28300
27300
27900
26200
32000
28100
27400
27500
27400
27300
28500
27400
28400
27700
28600
28200
26700
27700
27900
26700
26700
26600
26400
28400
28800
26700
25900
30400
27700
27800
27600
27400
26900
26600
27700
27900
28300
27700
27400
28400
27400
27400
26700
26000
26600
28300
26400
28100
27500
29000
30000
27600
26500
27900
26900
28100
28900
27200
27100
26500
27700
28400
28700
27900
26200
27000
27900
28700
26800
27300
27800
26600
28100
27600
26200
26600
26900
29200
31200
