29400
30800
30000
29200
29500
39800
40000
29500
28900
29800
29900
29200
30900
30400
31000
29500
33500
28900
28900
28600
30700
30300
28800
30800
28800
29200
31100
30400
31100
41800
28800
30000
30800
29100
29100
28800
29200
30200
28800
28600
28700
29100
31800
29300
29400
29200
29300
29200
29300
29200
30400
31000
30800
29500
31300
29300
29400
29200
31400
29200
28900
32800
30600
29100
29000
29400
32700
30700
31200
29400
29000
29100
29100
29400
29600
29400
29400
29200
30900
29300
29300
29500
29400
31500
29100
31300
28900
29200
31100
29900
29400
29300
31600
29700
29600
29400
30900
30000
28800
30400
