10000
10200
10000
10200
9800
10900
10100
10600
10000
10200
9700
10400
10400
10400
9900
10100
10100
10400
10100
10100
9900
10400
10100
9900
10000
10100
9900
10200
10400
10000
10300
10000
10200
10800
9900
10100
10800
10500
12900
10000
10800
10000
10000
10200
9900
10100
11000
10900
9800
10400
10200
9900
13100
9900
12400
13300
13400
9900
10400
10000
10200
10100
10100
10100
9900
10000
10100
10500
10200
10600
10500
10400
10700
10900
9800
10100
10200
10100
10900
10400
10000
10600
9900
10600
10300
10400
11600
10300
11000
10200
10400
10500
10200
10700
10700
10200
10100
9900
9900
10300
