69500
70500
69900
74600
73400
69800
66700
73000
71300
72900
80600
75600
71300
72800
72000
82700
80800
73200
71100
72900
71000
72500
84900
72200
70700
73000
70600
70800
72100
70900
75000
80900
88900
71100
76000
66500
79700
75400
68300
67100
82500
68600
70500
74600
68700
71100
87700
69200
81200
67700
69200
68600
77500
68200
68000
68300
67300
69600
69200
71500
72900
74800
73100
73100
87100
87400
74500
73500
71400
73600
72700
73300
72200
73400
73400
76900
75900
72100
73100
74000
73400
73700
73900
73500
84000
72100
72100
71100
76300
72600
70500
71300
67700
71300
86200
71700
72800
71200
71100
71000
