56200
56900
57200
57200
57300
58000
57500
56800
56600
55800
57100
57100
57400
55100
56600
56500
60300
60500
77600
71100
75200
61300
60600
61100
63600
76100
73000
68100
62500
59900
70700
74100
60700
60100
60500
60500
61400
60200
60700
56000
56200
55800
56600
55500
71000
56500
56900
56200
56000
65100
55100
57000
56000
56400
56400
56300
56400
56700
56400
56700
56600
56100
55400
56900
58400
59800
59600
59700
60100
67400
59000
86300
74900
81700
59000
60100
58900
59100
59200
59300
58800
58900
59800
59800
59200
58500
59400
55900
56200
57200
56000
55800
54700
57300
60400
55200
56200
56700
55500
60600
