82300
82300
86000
81400
83600
80200
95500
93300
96300
87600
84200
82800
95400
83400
82200
94100
82400
82600
90300
83900
88200
93600
81900
83100
81800
84100
83800
81800
81600
82200
82200
82100
86400
88500
132700
126500
87600
89700
91700
87500
94500
88300
89400
87100
86700
87400
94100
86900
110000
91600
89500
89100
91300
87100
93200
107300
87800
87600
86800
82700
83300
82900
83800
90800
81500
97200
82000
83000
83000
82600
81300
81900
83300
83000
89600
83500
81900
83500
83400
82400
85100
81500
97200
81900
82700
93000
89400
91900
92200
88500
90300
90500
100900
87600
83400
96700
88900
90400
88400
100600
