35800
35700
35300
35800
35000
35200
36000
35600
35500
36700
36500
36700
36100
36400
37000
35900
37300
36500
36500
36200
37200
36500
36900
36700
36800
37100
36500
37100
36500
35800
36600
36800
36800
36200
37500
36900
36400
34800
34000
35300
34900
34800
34400
37900
34000
35200
35200
34100
35200
34600
35300
35500
35300
34200
35400
35300
36700
35300
35000
35300
34600
34900
34800
35200
34600
35600
35800
36500
35200
35700
36300
34600
35900
42500
35900
34400
46400
34900
35700
35600
35000
35900
35900
35500
35500
36000
34600
34800
35000
83500
36400
