29500
33900
29900
28800
29000
29500
29300
30000
29000
26700
28300
27000
27200
27600
26600
27900
26900
33100
31200
27500
27800
26900
27300
28600
27000
26500
27300
26600
27300
26800
27000
27600
27200
26600
26700
27300
25800
26200
88800
25600
26000
26800
25900
26000
25900
25700
26000
25500
26100
25800
25800
26200
26300
26400
25500
26000
26100
26200
25700
25600
26200
26100
27800
27500
26400
26800
27300
32100
26400
26600
26700
27100
27100
26800
26900
26500
26900
27200
26900
26700
27100
26400
27100
27300
27300
27100
26600
26500
27300
27300
26100
25600
25400
25700
26200
26300
25400
25300
25900
25400
