7400
7800
7400
7700
7900
7400
7700
7900
7900
8100
7800
7500
7700
8600
8000
8200
8300
8300
8200
8000
7800
8300
8300
8100
8300
9700
8000
8100
8100
8200
8200
8300
7900
8100
8400
8200
7400
7200
7600
7700
7400
7600
7800
7900
8500
7500
7400
7700
7400
7400
7600
7900
7500
7400
7700
7800
7400
7800
7500
7700
7200
7200
7100
6900
7600
7100
7000
7800
7100
6900
6900
6900
7000
6800
6800
6800
7000
6900
7000
6700
7600
7400
7300
7400
7500
7200
7600
7200
7300
7400
7300
8900
7300
7300
8000
7800
8000
7600
7700
8000
