48100
47500
47100
47900
47900
48300
47600
47900
47700
47600
47400
46400
47500
47400
48300
47300
48900
47600
45300
45400
45100
45000
46000
46000
45800
45700
45500
44900
45600
45200
45700
52900
44200
45600
45000
45500
45900
55300
54700
62100
45900
46000
54800
49200
50100
48100
48300
48100
48400
49100
47600
48900
48500
49400
49800
48900
61200
50500
49200
48900
48600
48500
48400
48900
48700
48900
48600
48900
48000
47100
46300
45800
50200
47700
47300
46900
47600
46300
46400
45500
46200
46300
45900
45600
46200
46400
47100
46600
47300
47400
46400
62000
47100
48200
47300
48800
49000
50000
48800
48800
