90000
94900
98900
97100
94800
89700
96700
93800
97600
94200
95200
96800
98500
96500
98500
98500
98100
97600
94100
96900
95100
97700
98300
99500
96200
95700
98100
100100
95900
95300
96100
98000
99900
98200
94700
104200
104400
98900
92800
92100
98100
107200
107700
105200
93900
100600
98000
94400
104500
96100
103800
110700
166000
100800
103500
102000
103200
110300
95800
96900
95800
96800
96100
95300
95600
95500
96200
107300
95200
166500
96300
94600
95900
96200
95900
112000
96500
94000
94900
95300
95100
99300
98400
92800
122100
115200
117700
97800
111100
91000
90600
91100
90100
90100
91500
97100
89500
100200
91000
94300
