16600
16500
21000
16400
16600
16700
17000
16200
19900
15800
15700
16100
15600
18100
16200
16200
19400
16200
19300
19900
19500
15400
15600
19400
19200
19800
15900
16400
15700
15500
15700
16200
17700
17700
18000
17400
17500
19900
17900
17800
17800
22000
17500
17600
18000
17700
17600
17700
17500
17400
17300
17300
18000
17600
17700
18400
17300
17900
17400
17000
20000
16500
16400
16500
16300
16400
16700
16700
16700
16300
16700
16000
16500
16700
16600
16600
17000
16800
16600
16700
16600
16800
16500
16700
16400
16600
16100
16500
17000
16400
16200
19200
16300
16700
16200
15900
16800
16400
16500
16300
