651400
638800
643200
650100
646600
641200
648500
650800
662300
651200
646400
649500
648500
646600
653700
648900
656700
647700
645100
652100
646800
646600
648000
660700
649600
657800
652800
652600
649200
645000
650000
653400
652800
647300
641500
639300
646300
736700
644700
647900
650000
653400
658000
650600
639900
653200
648700
647000
647300
648300
647600
647800
652000
644200
642000
649500
666100
652200
654100
647600
646400
650800
649900
651700
651200
645400
644800
648400
646900
655800
653500
646300
669400
784300
649700
646400
642100
642900
652600
643300
653500
644600
655300
656500
646700
650800
650100
652700
656400
646500
640900
750400
650800
649600
646400
641300
649100
655700
653800
641100
