3271000
3915500
3289200
3280800
3269200
3336200
3330400
3272600
3259800
3285700
3285400
3341500
3281600
3283000
3263600
3450500
3284400
3258400
3269100
3290600
3271100
3257700
3280600
3347500
3313900
3297000
3278600
3301200
3279900
3323200
3276500
3270900
3296200
3274000
3288600
3297900
3328400
3286200
3336500
3259500
3308500
3268500
3264900
3287400
3276800
3259700
3302900
3298500
3277900
3273900
3277500
3278500
3303900
3278900
3275300
3318400
3277600
3263900
3284100
3265100
3260400
3274200
3259100
3276600
3279300
3286000
3260900
3258500
3285800
3298500
3338500
3292200
3270700
3258700
3280300
3313600
3279200
3272800
3414400
3290500
3280300
3258700
3285500
3266400
3282600
3315000
3268200
3323000
3280900
3490400
3267400
3265200
3267400
3279400
3268800
3290000
3259600
3251700
3347900
3291400
