1011200
1011400
1006100
1011600
1010200
1087400
1019900
1016700
1015500
1022000
1034500
1021200
1005600
1016400
1011500
1016200
1009500
1016000
1016900
1020800
1004500
1020500
1006100
1023300
1018300
1018200
1084300
1006400
1013100
1017400
1013800
1011400
1017500
1012600
1007600
1014900
1010500
1017200
1019500
1016400
1024000
1006500
1013100
1016300
1037100
1018100
1029200
1018200
1022400
1009900
1020800
1018000
1021200
1018900
1038000
1018700
1015300
1008100
1014300
1012900
1008500
1007400
1035200
1011400
1018500
1020100
1023900
1005700
1001100
1022800
1016000
1027000
1020000
1011600
1017900
1022800
1014600
1015400
1012200
1133400
1005400
1013000
1012500
1016500
1019800
1018200
1009200
1021300
1009400
1015900
1012500
1017200
1009400
1024200
1012200
1008800
1029400
1058600
1018800
1013400
