371100
363800
394800
362700
367000
362000
366400
358900
363500
362900
362300
368000
364900
367300
364300
427100
364100
367100
358900
362600
363100
364500
366800
360800
364100
367000
365400
365700
361800
365700
366500
362100
364100
361100
360400
367500
363100
367500
366200
361900
362700
365100
371900
363100
363600
436900
362900
364600
358800
357500
364800
360100
366600
362500
364600
362900
362600
369700
362400
365900
362900
362500
366100
359700
367700
375100
384300
360200
361700
443600
365300
365200
369300
366900
371600
367100
366000
365500
376200
369100
366200
362900
364400
365500
370400
366400
368400
364100
368100
367300
366600
384800
362200
364000
362700
366500
443900
364500
365100
366000
