160000
158800
158400
156000
160800
158300
160600
161300
158000
158300
159500
158700
156400
160300
155900
159400
193900
156600
158400
157700
159900
158900
157500
157100
162300
158000
159400
160800
159100
156400
198200
158000
158300
161100
160400
157500
157100
163900
158400
157100
157000
157700
158400
157100
160700
156600
157900
158100
157400
160200
158300
157800
162200
157500
158700
157800
159600
158400
154100
160700
157500
157700
158600
159400
157000
158300
230200
162600
159500
159400
158900
171400
161900
159000
158400
159100
156500
155900
158700
162200
162000
159600
159600
158900
157800
159500
161600
160000
159400
158300
158900
156900
156500
156900
159600
159600
156500
159200
159300
156900
