40100
40000
40500
40200
40900
40600
42400
40100
40200
42000
40100
40800
40000
39100
47400
40500
41300
40900
40000
40900
40200
54300
39800
39600
39500
41700
40700
39900
41200
41300
41300
40000
39500
41400
39900
40300
40900
40500
40400
41100
41900
40900
40600
40700
41500
41500
41300
41800
41500
40700
50500
53400
41400
40300
51500
40900
40500
40400
40200
40200
40200
40900
40200
41000
40900
41500
40700
39400
40300
39900
41100
41300
39400
41600
40800
41800
42300
39700
39500
39700
40000
39300
40200
40200
40600
39700
39900
41200
40200
40500
40500
40600
39800
40200
40700
39900
40400
39300
39600
41400
