1464000
1457400
1515600
1465000
1477300
1467300
1485000
1463100
1483900
1473700
1460600
1460000
1468200
1456200
1456400
1496000
1469000
1452500
1522300
1464100
1464100
1469700
1465600
1460500
1461500
1478200
1475200
1469500
1448500
1477000
1477100
1458200
1703800
1452400
1465200
1466400
1471700
1468400
1467600
1473100
1465700
1509400
1449100
1475900
1483100
1448900
1489100
1465700
1467000
1457500
1460400
1462600
1459500
1487600
1468400
1455600
1455400
1464500
1444300
1462800
1462900
1462900
1484700
1445800
1464700
1460800
1464400
1469700
1458900
1449500
1460800
1460300
1458500
1454000
1591800
1462100
1465100
1464300
1461700
1478100
1461200
1462000
1462600
1486300
1465300
1466500
1458500
1460800
1470800
1460000
1463200
1462100
1462000
1462400
1465100
1464200
1462600
1503100
1471100
1462400
