1973200
2011800
1967200
2056800
1977200
1984800
1973600
1979500
1988000
1982600
1986700
1993000
1960400
1984400
1972900
1979400
1992000
1985500
1985500
1973700
1980900
2032200
1981600
1956200
2055100
1965900
2003100
1997600
1995600
1981300
2064200
1989900
1967400
1965700
1969800
1997600
1988600
2004700
1972700
1976000
1979200
1975200
2061000
1984800
1988300
1978400
2306800
2076600
2740200
1977400
1988000
1967100
1981600
1994300
1999200
1990400
1988100
1978800
1989700
1976700
1987500
1979000
1995800
2015200
1974400
1975000
1969300
1983900
2001800
1970300
1980200
1995800
2016100
1987400
1989100
1975200
1981500
1982900
1984200
1975100
1997600
1976400
1991200
2042200
1984100
1979400
1964400
1981300
1975900
1969600
1968000
2000700
2006900
1995600
1997600
1984400
1983300
1972800
1980900
1985300
