2625900
2612300
2613800
2606400
2587600
2597100
2578100
2588600
2587800
2646500
2589100
2642400
2578500
2616200
2608900
2606300
2609300
2601600
2593600
2614800
2582500
2598900
2601700
2593200
2590500
2586100
2627400
2591800
2630500
2594900
2581700
2591700
2595500
2614000
2600100
2575800
2617300
2595200
2691800
2587300
2584300
2568000
2591200
2580100
2601000
2596200
2571800
2573500
2581200
2596500
2582800
2597100
2586600
2598300
2594100
2594100
2570100
2603000
2674700
2608700
2675000
2662900
2597500
2589300
2586300
2592500
2586000
2608200
2651700
2579000
2588500
2607700
2598100
2592500
2580500
2591200
2591100
2587000
2601700
3082500
2594700
2574500
2660900
2586800
2619700
2587300
2586700
2570000
2601700
2582000
2624000
2591400
2595900
2575700
2620100
2603200
2582600
2628600
2575800
2608300
