165500
165600
165700
167100
166900
165600
165000
164400
165900
166300
165000
165600
165000
166000
164900
163300
165400
164800
166400
164400
164800
164800
166500
165600
221400
165100
165900
166400
165200
165400
166000
164700
164800
165300
164900
166200
164700
167100
165400
164600
167600
164700
164900
166100
167000
165500
166700
165400
165600
165200
166800
166700
165000
166500
166800
166400
165300
166500
165900
165600
165000
166800
165100
165000
185900
165800
165600
166000
170300
166000
164200
164500
165900
165200
165100
165200
166300
164600
164400
165400
165800
165300
165500
165500
168700
166600
165200
164800
164200
165700
165200
166600
164900
165200
165000
193700
165100
165700
165000
172200
