103000
103500
103200
104000
102600
103800
104100
103500
104300
103300
103400
104800
103700
103300
104300
104400
103600
103200
102800
103900
104300
102800
103100
104700
103900
103500
103600
103400
105500
104100
103500
103900
103400
106200
103600
103100
104100
104100
104100
103700
104300
103400
103500
103800
103200
105700
103300
103900
135900
104600
103000
104500
103300
104100
103300
105700
105200
103700
105800
105000
103200
104400
104000
102700
102900
167800
103100
104300
103500
104800
103200
104100
104600
103300
103400
104800
102300
104000
104100
103400
102500
103600
105300
103100
105100
103200
104300
109800
103800
103900
103200
103100
104100
113400
102800
102000
102700
103100
103400
103600
