38100
36600
36800
36900
37200
36300
36600
36400
36700
36500
37200
36900
36400
37100
37000
37100
36700
36200
37000
37000
38200
36400
37100
37000
37200
37500
36900
36700
37300
37400
36600
36600
37000
37000
36900
36500
36500
37200
36600
36800
36300
36600
36300
37100
37500
36700
36900
36800
36600
36500
37100
36900
37000
37000
38300
36800
36700
37200
36500
37100
39200
36500
36700
40300
36300
36900
36600
37100
37600
37300
36700
37500
37000
36700
36700
38200
37300
37400
36800
36500
36700
37100
37300
38400
36900
36200
36200
37100
37400
36900
36000
37200
36600
36500
36600
36800
36500
36000
36600
36300
