250600
249600
250400
249600
248800
249500
248900
249400
255700
250000
251100
250800
250100
250200
251300
251100
251600
251200
253000
250300
252400
253300
249700
249100
251100
250700
250700
250100
250900
252100
263000
249500
248100
251700
251600
249400
250800
249800
250000
251900
253400
249200
248800
249800
250600
252100
250300
250500
250300
250800
254300
251600
252900
251700
250100
251500
251400
378900
250700
250000
250400
250100
251600
250700
252800
250800
251800
254600
249900
250500
257200
250500
249900
251800
253000
255600
251100
250300
251700
251700
249100
250800
250000
251600
249900
249900
250000
250600
249500
251100
249800
251900
249700
252500
251900
250300
251900
250200
251200
253400
