69800
70100
70300
70100
72100
72400
69700
69600
70500
70000
70000
70300
70000
70100
70600
69300
71000
73000
69600
71100
73500
70000
70300
70000
69700
69900
70000
70000
70200
70900
69500
70100
69600
70100
69400
92700
69300
70800
70200
70200
70900
71000
69600
70500
70200
69900
70100
70400
69300
70600
69800
70100
70300
69700
70500
70300
69400
76100
69300
70400
70000
69900
69900
71400
70000
70500
70500
70200
69600
69800
69900
70900
70400
69400
70000
70100
69700
70400
69700
69800
69500
71200
69900
70300
70200
69700
71000
69600
69500
69500
70300
70400
70500
71100
70000
70200
69200
70500
70000
70600
