258000
262300
258100
264600
260300
259200
260800
260400
258200
261600
257600
258900
259400
260900
261000
259400
264300
266400
259200
260300
259500
261900
260300
260300
264900
257500
256300
260500
258400
258200
258600
260100
259300
334600
259600
326900
259100
257800
262500
256500
259600
260600
258600
259900
261900
265400
261900
259900
261800
260500
260900
294000
258100
266200
258500
259700
259100
259200
259100
257600
258200
264200
263400
258800
258500
262300
275200
256900
260300
262600
259000
258900
262100
332500
260400
260500
257800
259900
260800
260500
258700
258000
259100
258300
257500
257600
281300
258100
259300
264600
257900
264600
258400
259500
261200
261100
260400
257500
258500
260000
