330700
329600
327500
329200
326100
330200
328200
328000
324600
325200
326900
326400
325700
326700
333200
327900
330600
325200
330100
326800
346600
328000
362800
327400
328000
328900
328600
362900
328100
327800
326400
327900
329600
329300
330100
327400
327500
326200
330300
326700
328000
325600
329400
327800
330000
328200
345900
327100
327700
329100
326000
327800
329800
330100
329100
331900
329300
345700
328700
330600
327900
328100
327100
325500
330600
325400
327900
327000
326200
327000
328700
325300
328200
327700
326300
328100
333800
345800
326900
329100
325700
328200
329700
328300
327600
326600
330300
329500
328300
327000
325500
356100
328400
331500
327200
330500
326500
324800
328200
330400
