358600
358700
359900
357700
358800
386900
356300
357600
356600
357800
358400
361600
356900
355600
355500
354800
355300
359800
356500
355400
358800
361600
357800
356700
355600
361700
355200
357000
355600
357300
358500
359100
357000
360100
356600
359700
357100
357800
359100
358300
360100
361500
402800
360000
356400
357900
356900
358100
358700
360300
356000
394500
356100
357300
357600
358000
356900
361300
357400
356200
358900
357700
357200
355000
357700
357600
360800
538200
355700
356900
356100
372500
357700
360000
357500
362000
417400
354300
434600
361200
357900
357800
362000
358100
356700
358800
357400
358400
356900
357100
360600
358700
358000
359600
357500
354300
356900
356600
357500
356500
