186100
183800
185900
203000
184000
183900
182700
186000
184400
232400
184600
183400
184200
187300
183900
184900
183900
189700
183800
188600
183100
185900
183400
203400
184200
184400
189600
185800
212400
191700
185500
185100
181800
183000
191500
275200
184400
185800
184200
187900
218200
190200
184400
183700
183900
183300
184600
186000
184600
186300
182300
184600
184300
183000
198500
182900
184500
228000
185100
185900
188700
184500
182900
184700
186600
184400
187300
184300
183200
191600
185400
182800
184200
183300
188800
182800
183800
183400
184000
184500
189000
185100
185200
185800
185900
184800
184800
184900
187200
184400
185000
184400
184000
185200
183800
181400
187100
184000
182100
182300
